33,439,494,15,211,473,503,284,164,35,533,501,335,77,255,369,45,430,142,363,390,431,290,268,467,178,310,371,136,245,450,384,4,241,137,199,374,321,461,446,481,66,332,513,160,229,422,244,37,32,508,308,73,82,153,393,383,115,98,452,170,195,357,443,424,456,251,281,146,534,182,122,273,466,309,168,180,491,355,445,5
44,339,327,248,81,268,458,414,162,399,507,247,537,278,532,494,511,64,170,501,472,410,139,430,357,397,169,451,101,425,36,2,449,66,51,358,94,155,111,464,496,142,469,446,513,457,351,265,433,336,535,157,243,330,33,200,490,25,119,303,445,252,296,91,47,108,292,166,488,144,369,196,186,199,436,212,98,315,474,534,213
272,373,118,7,214,434,418,391,204,71,433,91,56,356,260,368,467,198,289,477,301,518,511,519,269,414,452,349,357,283,494,457,488,491,85,375,172,425,67,313,16,335,329,75,406,382,190,246,315,97,54,225,431,196,449,401,206,347,195,535,334,48,51,37,374,332,175,161,120,353,168,31,523,90,61,149,455,482,462,179,362
433,351,525,469,397,199,99,443,156,42,191,194,439,368,385,51,53,169,318,228,50,180,102,369,190,309,43,405,79,353,503,166,172,415,479,336,38,177,430,401,96,406,121,240,109,432,296,101,534,486,250,297,12,161,395,234,522,485,408,223,294,363,71,193,26,76,409,32,17,440,346,182,48,367,332,487,175,19,210,130,206
252,395,428,31,128,5,126,28,56,182,127,394,69,14,444,187,431,48,173,54,385,470,466,343,190,35,408,500,373,72,142,271,259,180,93,471,13,157,284,80,537,315,144,107,123,294,342,3,265,529,437,521,149,60,57,61,216,219,150,313,154,27,383,528,118,489,306,475,474,179,412,462,183,346,518,480,158,44,501,398,170
480,280,216,506,532,361,388,152,324,133,56,468,54,342,540,534,49,389,83,36,130,34,10,374,445,226,489,92,105,69,375,466,438,318,181,129,409,197,247,159,391,223,527,501,395,195,158,73,405,90,214,12,465,183,174,393,212,253,341,306,265,60,496,426,364,349,5,333,300,513,416,290,470,118,428,439,94,123,473,165,75
387,82,7,532,266,494,87,431,118,416,488,226,403,23,454,469,504,429,305,158,461,170,232,483,511,478,413,309,458,512,376,475,310,188,240,228,382,164,27,33,59,168,430,314,200,29,172,321,43,516,251,36,17,145,501,464,360,22,364,265,261,42,144,244,117,527,484,303,358,327,436,336,301,439,57,109,493,368,497,447,482
365,71,161,195,329,295,203,5,439,43,175,165,494,369,403,122,398,254,207,79,503,54,262,500,84,88,250,178,173,460,414,433,234,445,423,194,236,492,133,53,535,190,193,80,402,3,514,232,335,322,502,179,480,248,384,409,474,520,109,431,529,94,252,60,111,66,276,253,284,348,293,377,138,359,131,73,14,461,121,413,23
167,139,417,247,487,472,67,175,80,350,275,158,58,452,532,42,54,34,448,420,317,369,299,138,475,340,365,71,266,356,105,258,385,320,438,414,170,281,118,153,173,3,454,440,273,163,321,193,131,51,154,61,302,361,373,315,262,73,203,363,72,252,453,243,296,50,514,346,478,57,382,342,489,502,288,499,1,257,481,186,234
396,446,328,280,108,348,115,93,109,263,240,181,179,4,514,294,165,350,197,125,170,322,9,349,486,192,458,56,490,137,17,301,521,182,533,107,154,509,318,307,48,399,171,146,384,491,443,416,16,31,168,282,415,196,523,495,389,243,229,368,37,8,150,13,134,209,278,249,77,501,422,61,463,378,3,218,356,29,302,158,530
500,393,91,128,483,79,309,187,507,486,299,56,488,301,47,368,68,80,361,539,437,39,113,174,131,45,233,429,51,78,306,46,423,377,341,527,303,395,260,397,15,0,476,232,71,385,363,274,36,50,335,477,318,329,161,352,506,96,369,226,323,53,312,7,291,115,371,54,135,31,279,362,18,388,400,458,325,300,195,360,355
512,290,424,98,461,146,230,391,337,307,253,447,21,66,235,388,215,162,50,86,371,381,110,191,60,79,23,422,240,69,444,508,267,114,17,104,201,387,271,76,333,116,306,239,246,459,131,494,331,300,206,443,55,129,445,260,145,373,144,292,522,414,209,503,413,265,163,402,101,147,530,229,280,227,62,59,429,408,32,134,434
313,50,227,432,321,288,448,440,20,222,166,212,72,33,147,278,328,256,536,352,142,404,497,433,403,450,366,424,331,232,324,402,42,23,496,475,173,38,459,247,34,487,174,78,246,107,162,218,380,164,49,528,479,144,476,73,249,507,102,59,177,175,137,241,79,474,40,119,96,75,62,103,490,451,215,109,205,113,381,168,281
324,193,513,213,446,205,456,478,306,457,0,352,2,267,538,261,107,417,420,308,441,79,304,165,144,115,67,384,274,189,246,45,350,260,442,407,531,65,269,254,9,298,232,310,247,18,210,178,194,8,123,268,271,481,114,359,84,412,331,106,406,419,434,431,48,365,341,514,445,524,50,447,122,511,161,396,78,117,143,273,311
248,97,442,436,343,218,389,68,443,120,123,475,499,334,146,41,17,491,267,446,266,152,135,401,304,62,375,471,382,486,15,303,156,519,273,179,208,518,75,201,94,480,336,329,449,351,125,374,164,34,535,90,372,313,139,469,86,302,270,67,93,526,367,501,452,362,415,160,381,235,45,223,36,99,51,210,346,503,419,13,431
10,79,287,385,28,232,438,446,191,534,33,525,193,350,422,409,483,186,530,78,90,108,41,229,0,56,421,324,280,469,341,64,174,495,461,462,435,396,453,240,472,285,156,143,136,31,361,249,13,155,92,110,463,176,500,35,96,59,171,251,393,343,77,430,122,209,488,384,512,364,475,526,443,342,507,340,346,359,67,223,142
303,135,79,318,335,75,447,140,464,389,519,530,64,425,500,241,160,59,162,240,430,409,405,258,158,462,314,457,416,49,400,46,387,71,88,25,413,442,84,189,20,392,526,170,451,148,326,113,494,408,376,485,539,468,466,40,252,93,454,142,203,480,456,182,305,315,501,278,510,316,168,276,56,428,329,424,453,246,353,226,68
466,111,326,201,520,298,129,286,67,197,364,306,532,426,210,304,47,434,530,209,400,18,10,190,337,275,518,37,95,522,4,418,405,24,38,62,85,102,340,282,480,69,274,427,406,126,177,134,174,161,399,110,504,330,315,94,389,236,374,329,64,248,120,527,368,516,502,12,510,246,247,438,356,231,392,524,198,535,394,468,60
486,475,256,274,107,532,298,389,439,492,463,437,24,253,278,177,248,433,125,416,529,454,351,364,453,55,316,114,411,81,299,238,495,207,359,171,165,14,272,15,194,465,327,338,282,388,104,10,329,279,476,331,424,34,408,367,60,317,262,404,13,296,312,26,457,533,89,384,392,369,116,35,391,462,511,164,154,483,145,334,448
224,365,114,87,35,455,202,275,413,482,94,184,173,420,461,270,342,188,375,308,107,148,436,301,315,81,203,176,492,51,452,521,41,159,366,300,27,402,484,178,415,284,372,129,62,93,40,349,172,272,339,45,84,429,370,431,535,267,190,142,381,335,235,488,97,177,352,290,503,446,281,17,393,289,411,345,77,392,52,197,208
333,335,407,370,449,114,76,121,198,515,519,20,178,189,531,342,434,298,424,261,107,471,168,100,366,373,406,268,325,221,14,444,177,254,331,458,506,275,442,367,528,348,257,217,426,54,75,210,37,133,155,473,126,95,292,476,479,176,34,143,7,227,241,19,414,534,369,512,0,71,249,119,161,469,419,111,49,318,322,536,52
73,516,344,400,475,227,290,472,533,469,93,141,266,46,37,23,52,374,452,498,199,79,414,150,157,312,417,71,503,111,477,407,25,170,512,438,188,511,233,258,282,202,264,369,232,376,85,133,229,506,424,220,427,172,95,431,231,411,81,254,392,478,236,53,514,521,471,178,105,508,206,176,274,114,187,536,305,361,115,162,221
142,141,521,271,231,401,426,482,331,504,368,378,48,3,230,122,41,388,500,298,530,432,18,121,320,239,448,81,212,62,276,9,59,451,466,194,206,10,66,190,499,517,310,281,68,241,58,143,8,111,387,510,332,282,83,213,115,533,362,60,391,445,455,192,140,219,128,108,346,380,74,0,425,490,421,261,51,1,311,350,471
127,440,398,61,12,378,407,169,11,134,211,318,174,443,105,364,76,510,320,373,204,96,467,466,450,181,405,284,414,257,167,290,324,107,117,248,512,214,176,241,170,160,80,452,334,417,314,509,480,460,142,371,24,453,526,500,267,298,151,277,523,34,7,168,286,40,406,141,75,311,201,196,350,242,413,457,338,50,447,468,132
354,350,276,181,187,463,356,102,371,155,275,314,138,115,517,438,498,280,497,395,373,230,393,71,20,242,257,72,273,263,107,193,98,197,186,427,68,322,179,333,228,247,348,408,244,540,170,281,6,89,375,8,513,462,76,366,416,240,307,258,166,40,339,434,269,467,70,495,414,489,234,502,515,128,387,156,162,235,267,271,23
331,434,38,11,75,226,339,432,164,199,57,51,131,22,421,359,9,333,534,473,347,375,112,137,288,405,398,504,191,114,280,528,495,236,129,431,411,249,21,107,316,84,247,540,161,490,62,351,480,43,497,430,5,286,197,276,520,491,363,510,230,227,82,207,190,169,42,1,76,404,281,91,269,147,341,206,524,176,506,493,243
399,345,5,138,259,248,380,277,151,170,80,540,111,403,408,358,24,421,64,479,13,429,415,171,407,45,317,251,42,235,416,520,22,118,485,212,513,211,336,370,331,226,333,524,90,114,451,57,273,271,373,218,446,350,62,81,153,381,181,512,361,149,420,208,221,308,125,496,116,454,39,86,480,425,175,143,43,210,130,240,355
114,441,298,264,368,133,476,340,109,440,271,233,436,246,177,355,317,130,437,137,129,431,146,75,26,41,474,493,508,371,372,331,321,348,22,261,202,499,198,37,193,294,227,466,74,417,330,346,389,4,32,144,100,377,72,182,197,123,83,487,484,509,470,290,505,45,157,86,200,29,9,430,228,30,212,101,500,154,454,311,306
536,500,286,305,430,275,230,189,81,417,264,315,87,103,458,17,26,237,442,50,210,326,47,114,46,274,167,365,218,287,144,522,204,173,136,332,371,148,40,451,508,188,393,100,526,57,66,307,478,216,276,447,104,88,272,261,314,489,528,426,502,431,495,141,425,238,387,496,311,423,539,215,441,375,473,506,19,497,410,349,228
195,440,264,295,316,171,510,214,447,355,334,126,106,216,504,154,444,27,502,246,215,353,172,162,201,143,22,169,466,125,377,217,299,482,479,516,522,262,294,318,100,248,263,450,399,58,535,65,416,146,408,354,30,350,185,345,331,51,153,428,212,296,128,236,329,80,84,208,508,37,410,487,197,464,397,448,417,433,193,198,155
239,430,192,406,429,214,483,184,342,85,370,95,6,133,511,71,43,97,52,170,471,343,368,403,397,51,464,248,21,199,42,113,539,212,336,424,422,172,495,394,12,99,121,301,359,145,533,141,409,520,249,491,308,57,384,312,335,266,223,337,84,134,477,326,428,431,295,525,375,385,408,319,474,402,202,115,151,92,131,473,169
489,279,274,179,148,375,86,395,455,147,65,397,74,440,84,119,420,18,89,332,438,136,246,281,169,134,34,37,443,421,55,13,232,182,538,383,213,95,523,244,107,131,50,306,325,106,137,215,386,335,123,517,331,533,124,26,508,393,316,172,161,216,188,14,345,341,214,290,409,459,514,192,334,59,127,156,204,485,359,132,311
136,196,445,154,424,360,298,90,498,530,458,172,539,111,279,227,353,192,125,75,170,296,30,313,409,383,19,389,521,455,335,186,29,36,147,417,230,87,459,436,168,285,301,3,471,21,494,269,344,276,373,265,94,346,141,190,95,207,534,225,289,324,371,11,316,117,267,4,234,292,247,235,541,226,508,442,201,412,327,483,214
314,66,163,159,253,106,477,257,261,232,364,121,466,195,319,207,311,26,58,204,138,473,409,371,115,427,294,423,277,1,299,263,535,308,268,169,146,497,489,446,316,420,143,468,2,332,357,271,262,69,500,484,42,175,301,144,259,528,93,517,539,148,373,430,235,375,267,324,126,519,494,460,529,483,317,291,533,486,258,87,300
250,212,280,124,63,293,493,495,8,253,349,286,381,87,190,337,315,80,274,73,165,353,213,424,380,231,361,472,52,254,415,47,427,324,58,373,325,199,239,423,429,93,292,311,33,447,466,203,4,318,475,106,484,267,184,227,488,419,463,414,262,492,16,9,297,362,405,483,103,320,143,346,481,163,384,182,99,48,351,367,519
361,41,318,50,382,539,280,303,489,214,536,135,34,456,476,314,349,60,66,98,461,398,33,140,418,520,273,193,253,104,9,158,226,397,441,422,377,486,8,376,354,519,223,162,386,195,125,88,442,105,330,537,338,320,507,138,21,534,496,190,148,131,530,528,362,401,141,122,192,540,120,450,187,388,417,235,282,38,37,219,460
310,60,431,282,338,371,46,457,28,531,461,285,534,335,376,463,392,437,386,334,368,495,176,228,421,88,536,428,217,274,57,48,11,1,388,27,220,254,210,22,82,524,519,480,458,395,301,248,502,203,492,286,72,174,61,107,337,526,483,442,349,347,266,221,137,330,491,131,494,414,15,447,446,31,378,393,260,523,309,263,355
393,444,2,438,312,75,201,353,250,168,501,81,449,99,468,44,180,304,121,0,151,357,310,502,40,104,445,331,72,158,314,489,112,366,282,108,176,285,233,195,524,100,251,539,305,273,226,209,534,47,448,65,374,423,496,517,472,152,473,61,264,470,301,321,231,322,197,424,390,131,323,167,221,123,359,110,377,287,224,218,148
87,115,128,332,496,417,236,284,393,497,507,359,292,396,242,481,512,130,217,333,443,281,53,290,77,436,194,39,145,44,127,346,427,251,159,265,330,403,347,193,517,13,29,221,301,289,435,395,374,15,92,469,291,370,352,397,64,404,174,216,43,272,222,398,218,488,491,263,473,419,241,262,72,275,296,503,76,47,362,454,160
515,304,293,269,449,278,83,473,272,536,497,213,42,108,51,239,457,100,370,427,41,228,124,513,369,214,102,156,297,45,201,253,296,439,470,424,77,410,315,516,212,245,105,303,358,519,252,295,507,195,92,10,167,178,1,191,480,455,444,490,27,461,266,255,224,401,407,223,189,237,231,327,33,356,517,343,283,380,247,147,309
452,443,24,308,475,6,272,128,424,283,151,425,345,81,477,359,36,230,26,385,418,428,174,144,360,59,177,512,362,260,279,434,267,63,198,179,0,368,270,366,312,11,508,495,255,96,23,41,64,87,498,541,355,243,217,150,7,205,435,115,432,298,4,229,142,398,2,509,321,120,104,12,278,281,412,39,46,320,430,78,5
300,176,159,524,512,147,277,151,178,466,107,126,368,85,228,146,262,462,184,498,170,493,59,289,79,293,518,23,220,532,516,487,8,253,367,55,314,84,149,61,97,181,108,539,255,239,257,265,138,467,129,105,399,125,497,183,27,364,434,142,506,344,519,251,182,359,72,354,31,309,527,379,307,199,133,283,350,448,0,121,54
127,154,286,54,22,372,280,18,69,410,502,413,245,417,251,524,75,12,450,339,16,352,101,288,223,242,425,176,80,107,196,78,109,113,272,140,360,416,155,495,329,394,363,232,338,201,393,53,521,399,134,429,52,62,486,217,278,446,5,34,256,41,186,20,284,324,532,510,325,424,319,68,412,323,112,457,488,164,230,368,454
477,83,103,192,48,336,251,462,46,190,333,510,277,37,457,276,463,10,256,335,295,74,496,282,296,418,507,445,473,172,350,367,516,170,155,209,370,100,29,266,440,328,402,143,530,300,438,508,301,293,464,129,253,501,28,68,299,305,219,529,535,260,186,334,225,406,198,319,153,294,355,145,189,459,390,494,524,348,407,343,371
336,218,260,528,356,340,303,305,118,396,475,342,402,275,86,349,359,100,114,112,375,98,63,466,291,337,213,254,384,496,297,371,421,216,323,257,378,27,473,512,55,168,361,152,540,486,49,147,387,245,87,508,358,224,31,101,189,41,71,370,403,443,9,480,290,530,280,131,448,227,6,347,167,350,191,412,11,153,51,526,177
376,191,46,150,378,259,199,302,82,201,456,518,472,315,279,25,394,14,272,225,124,285,383,400,219,369,108,412,523,278,165,415,55,211,237,441,72,294,176,62,254,348,395,12,84,414,261,393,45,399,407,494,534,173,210,105,182,189,155,160,47,265,126,65,342,270,274,52,314,319,271,355,112,507,8,269,531,499,177,138,277
116,490,532,153,200,342,525,61,327,504,207,458,241,272,202,105,246,39,226,299,121,184,70,375,533,203,47,58,213,2,237,487,469,227,363,486,495,470,461,434,302,283,186,41,136,330,126,473,304,205,479,262,534,233,13,394,277,115,162,170,142,251,76,94,16,475,298,63,72,123,319,527,378,339,358,396,318,502,424,188,102
313,54,76,183,426,445,101,238,261,533,58,311,491,484,152,402,94,351,314,262,30,518,366,379,478,128,515,148,458,226,383,486,506,493,20,353,216,522,418,228,217,107,361,466,536,51,265,245,420,371,500,35,221,70,203,225,400,18,385,178,422,465,155,282,389,476,403,519,434,200,444,229,124,6,461,288,123,34,180,382,160
93,403,483,320,132,147,193,282,19,300,47,90,514,394,80,338,521,242,373,442,3,30,237,144,385,199,284,539,179,196,332,487,336,48,480,184,100,135,433,343,323,296,24,478,491,49,527,379,87,108,41,285,427,528,192,458,2,308,307,25,139,424,498,6,315,149,357,163,111,293,52,160,271,177,265,74,393,257,22,279,525
287,459,522,13,260,360,65,284,539,528,139,186,464,293,310,497,179,81,126,254,421,373,185,167,489,370,304,5,204,338,90,265,37,374,516,225,505,468,353,116,230,127,425,327,59,206,346,78,107,250,64,540,340,4,386,369,150,410,38,529,115,517,306,432,317,447,326,349,34,156,509,357,277,276,231,125,165,436,402,168,134
