33,439,494,15,211,473,503,284,164,35,501,335,77,255,369,45,430,142,363,390,431,290,268,467,178,310,371,136,518,245,450,314,192,22,298,2,120,68,99,481,465,155,274,187,395,459,122,160,341,281,230,223,240,541,334,299,166,432,256,80,521,114,537,495,18,16,254,154,418,516,336,36,273,437,41,76,196,520,191,307,466,57,397,497,49,226,85,413,97,517,221,212,228,125,348,140,73,316,267,91,61,514,233,474,84,338,332,420,89,398,90,512,458,177,167,222,480,506,278
44,339,327,248,81,268,458,414,162,399,507,247,278,494,511,64,170,501,472,410,139,430,357,397,524,169,451,101,425,36,2,224,274,33,25,179,47,77,55,311,232,426,409,538,71,234,441,223,396,256,523,228,175,371,132,459,403,519,496,216,168,332,266,465,267,78,378,121,165,316,16,351,100,329,463,301,294,424,321,245,12,413,59,151,222,435,439,126,367,148,45,23,305,281,392,54,418,146,83,343,244,72,184,304,205,402,98,506,93,40,302,99,218,106,49,350,157,237,380
534,433,458,213,272,373,118,7,214,434,418,391,204,71,540,91,56,356,260,368,467,532,198,289,477,301,511,269,414,452,349,178,371,141,247,463,228,436,244,300,245,42,353,276,522,187,410,369,207,466,406,86,308,212,497,288,33,304,527,375,428,156,8,302,167,333,164,37,379,203,312,191,144,310,95,123,490,157,48,284,404,531,27,112,291,381,474,215,98,457,292,224,411,445,303,479,200,103,173,520,294,97,267,513,486,530,394,427,517,24,336,354,296,25,18,518,496,472,166
175,161,120,353,168,31,523,357,90,406,449,356,61,149,455,482,462,452,179,362,433,351,469,397,199,99,443,156,42,191,194,291,219,499,465,532,461,184,286,192,491,25,309,26,84,159,489,486,114,500,296,533,51,325,289,504,428,95,154,435,21,202,306,390,509,39,176,388,516,251,83,86,207,414,385,239,518,537,531,19,88,426,450,490,297,361,215,78,262,328,530,200,48,203,416,60,539,54,216,369,327,496,370,148,273,332,434,50,475,460,267,317,243,311,125,272,438,6,340
161,395,234,99,522,485,102,408,223,294,363,71,193,26,76,409,32,17,440,346,182,48,367,332,487,175,19,210,130,296,206,126,463,510,197,314,279,299,304,214,447,282,389,15,64,2,63,14,429,28,351,394,392,91,495,354,507,34,7,338,222,378,482,93,319,215,461,24,500,86,27,359,192,512,235,233,171,95,524,204,321,467,250,531,365,186,340,36,530,135,129,90,46,460,6,78,142,40,268,157,72,489,53,274,61,147,361,316,413,465,414,1,532,132,325,385,264,218,260
149,60,57,61,216,14,219,150,313,428,154,27,383,528,118,489,306,475,474,179,144,28,412,157,462,183,346,480,158,44,501,302,199,85,240,359,140,502,108,253,266,180,334,491,288,393,487,437,284,194,76,456,328,495,162,378,514,488,66,520,234,530,344,171,270,267,24,492,312,397,470,402,41,467,357,369,18,65,17,5,187,222,113,337,244,427,289,338,370,46,52,34,461,413,233,535,159,90,529,64,391,322,204,278,468,276,98,348,381,123,368,79,429,195,111,263,525,250,351
395,195,69,158,133,73,405,466,90,214,12,465,183,174,375,393,212,253,341,306,265,538,60,496,426,364,349,5,333,300,49,208,365,145,235,87,447,422,59,456,429,532,219,47,61,236,82,449,535,37,419,193,272,41,3,266,423,370,281,537,292,247,460,442,43,215,503,385,510,435,244,417,113,201,459,11,227,234,324,290,516,252,356,500,152,287,336,79,230,85,116,241,255,293,239,206,154,383,282,229,522,388,534,256,278,188,323,360,470,237,155,94,120,114,191,308,495,271,399
27,33,59,168,430,314,538,200,29,172,478,321,43,516,251,36,17,145,501,464,360,22,537,364,265,525,158,261,42,144,244,58,263,365,496,476,242,397,392,151,179,163,282,218,398,442,357,535,305,419,150,219,28,54,246,340,370,366,184,248,371,223,241,182,35,80,297,97,281,387,164,147,101,2,373,299,490,485,503,21,390,375,87,82,407,247,483,201,61,199,127,404,103,294,435,39,527,418,541,473,429,131,250,513,497,380,337,313,356,44,125,331,89,86,230,207,521,286,474
433,234,445,423,194,236,369,492,133,203,53,190,193,80,402,3,514,232,335,322,502,179,480,248,384,409,474,109,431,94,252,30,55,370,33,138,126,142,368,358,174,387,146,273,188,418,69,520,394,455,290,326,405,541,465,416,65,521,36,473,7,386,493,230,331,60,468,206,314,316,11,83,305,495,208,123,243,536,507,87,40,175,332,336,137,393,79,490,443,29,226,359,376,421,266,21,337,27,17,224,271,210,281,274,158,380,308,295,348,184,149,303,475,237,508,170,182,35,533
299,356,105,258,385,320,475,438,414,170,281,118,153,173,3,454,369,440,273,163,321,193,131,51,54,528,154,61,302,361,472,388,186,157,524,500,519,36,101,334,496,411,181,433,35,331,504,378,288,126,226,400,277,348,121,293,318,136,284,344,148,25,432,257,220,336,525,516,239,307,540,28,191,171,244,251,144,424,274,249,0,469,128,456,298,297,501,240,93,418,423,420,407,117,198,223,164,488,140,517,174,57,46,442,437,505,446,120,90,279,444,391,89,393,2,478,283,147,327
165,350,197,125,170,322,9,349,486,192,458,56,490,137,17,301,521,182,107,154,509,318,307,48,399,171,146,384,535,491,443,500,452,208,311,291,323,436,327,8,15,441,474,433,298,84,357,395,141,207,98,302,261,306,364,247,194,121,174,276,114,184,294,435,497,18,444,292,427,4,409,75,6,67,104,139,124,380,38,250,211,373,30,430,231,189,495,1,320,109,90,315,293,417,467,354,386,178,14,151,79,265,402,309,462,196,45,416,64,241,39,522,340,93,253,396,362,243,149
56,488,301,47,368,68,80,361,437,39,113,174,131,45,233,429,51,78,306,46,423,377,341,303,395,260,397,15,0,476,232,284,35,192,426,276,358,181,425,137,342,279,18,25,167,298,451,339,238,159,164,87,535,176,467,253,48,380,184,531,161,26,326,156,466,462,378,3,263,145,57,381,383,364,185,27,67,293,449,442,514,139,116,504,274,9,311,153,278,452,348,194,337,365,453,325,420,200,319,229,433,162,370,474,494,65,150,97,180,177,321,417,256,472,212,356,49,230,73
230,391,337,307,253,447,21,66,235,388,215,162,50,86,371,381,110,191,60,79,23,422,240,69,444,508,267,114,17,104,201,291,407,319,322,436,39,427,540,468,503,495,193,330,135,491,38,166,308,58,153,365,119,123,229,428,65,247,539,400,165,387,150,103,221,27,222,64,475,130,72,385,186,458,471,289,369,399,414,413,146,340,445,510,326,325,261,283,207,452,512,251,206,363,49,132,25,81,511,276,348,520,529,73,265,527,514,140,113,57,31,463,405,29,355,214,204,335,256
32,101,134,434,313,50,227,432,321,288,448,440,20,222,166,212,72,33,147,278,328,256,352,536,142,526,404,520,497,433,403,345,225,183,505,516,165,501,538,287,426,116,162,275,201,21,11,386,355,489,248,237,86,460,462,19,229,494,123,17,243,303,87,39,483,359,330,362,335,53,277,376,331,395,81,498,109,311,190,312,420,397,82,364,402,24,264,239,477,525,474,343,238,521,36,394,399,469,124,253,51,29,88,332,488,510,479,68,487,120,478,490,529,59,411,48,37,418,358
62,103,490,451,79,215,109,205,113,381,168,281,324,193,513,213,446,534,456,478,306,457,0,352,2,267,261,107,417,420,308,220,39,152,82,441,395,176,72,442,57,33,192,529,137,94,123,473,450,22,175,426,130,392,221,203,265,32,372,362,134,371,405,374,347,491,512,363,486,127,331,4,462,382,149,502,116,434,155,495,9,105,430,89,97,470,61,481,135,240,501,179,466,415,42,299,336,282,361,403,206,351,165,53,494,209,217,390,536,302,449,482,505,24,483,182,170,1,257
107,445,524,50,447,122,511,161,396,78,269,117,143,273,359,311,248,97,442,436,343,218,389,68,443,120,123,475,499,334,521,405,73,293,20,8,504,271,353,245,327,133,466,223,376,500,76,67,200,152,402,31,433,292,187,419,425,523,508,235,278,364,191,243,7,290,151,532,259,420,434,410,340,136,89,526,104,473,404,317,494,37,100,47,240,168,164,387,224,175,62,487,360,517,82,367,48,350,275,17,423,267,338,471,373,288,496,45,186,308,307,370,156,291,450,69,395,234,43
302,270,471,442,67,93,526,367,501,452,362,415,160,381,235,45,223,389,36,99,51,210,346,503,419,13,539,431,10,79,287,474,192,14,376,518,386,116,356,219,525,95,267,301,382,16,506,262,96,400,441,175,416,211,371,204,331,277,241,536,265,39,472,535,54,20,114,430,370,296,510,0,435,428,384,28,388,520,162,292,374,140,349,538,359,234,314,341,494,170,293,397,32,505,438,273,87,463,247,485,230,231,217,198,315,226,120,413,236,459,142,283,78,71,68,15,372,495,180
249,41,13,155,92,409,110,463,176,540,500,35,96,59,171,251,393,343,77,430,122,209,488,384,512,364,475,443,342,507,340,173,281,179,477,485,279,323,33,111,71,420,441,151,515,427,67,465,522,462,39,159,167,37,223,70,455,398,232,480,194,259,265,286,32,212,250,120,385,80,278,29,326,457,81,474,215,345,359,204,378,202,445,423,415,129,79,231,157,228,208,525,302,24,200,513,23,193,530,536,336,516,44,12,206,221,280,42,94,447,10,344,196,263,85,402,225,74,354
326,451,113,494,25,408,376,485,468,466,40,252,93,454,142,203,480,456,182,305,315,501,278,510,316,168,276,56,428,329,75,157,212,432,514,226,507,411,391,423,355,123,176,539,275,34,287,281,233,492,55,348,163,100,260,330,149,64,495,413,143,387,424,33,98,467,362,528,382,523,471,402,153,266,213,105,152,23,217,292,403,429,265,512,415,295,104,200,370,335,441,450,9,521,409,5,95,388,516,137,259,337,417,425,18,47,261,2,209,202,457,12,19,31,42,51,170,277,141
480,69,274,427,406,126,177,134,174,161,534,399,110,504,330,315,94,389,236,374,329,64,248,120,368,516,502,12,510,246,247,219,305,178,115,196,311,488,262,99,361,267,197,234,462,30,331,277,243,288,314,353,237,298,337,128,137,53,440,404,266,436,433,149,382,194,513,397,512,473,231,391,359,464,479,218,514,536,139,396,88,347,124,216,62,208,509,264,407,321,356,227,175,421,467,460,182,226,27,158,57,205,417,40,478,317,119,511,103,179,85,82,7,136,505,429,97,482,232
327,338,282,388,104,10,329,279,476,298,331,274,424,34,408,367,475,60,165,317,262,404,13,296,312,26,457,89,384,351,392,419,499,141,184,360,482,58,17,446,195,355,231,275,255,97,82,495,369,382,77,241,72,303,461,167,224,112,448,520,182,515,57,43,285,470,503,385,336,227,101,428,426,137,323,293,206,490,47,92,322,86,413,483,210,230,135,436,171,94,295,187,391,474,154,502,53,294,74,283,218,150,157,492,302,40,481,531,471,88,246,25,226,260,297,374,20,533,271
159,366,300,27,402,484,178,415,284,372,129,301,62,93,40,349,172,272,339,45,84,429,370,431,267,190,142,381,335,235,533,383,357,518,244,48,387,390,325,313,476,88,176,304,368,356,292,145,251,223,140,8,196,144,413,508,345,435,341,422,336,467,205,537,295,377,469,445,525,401,486,299,481,382,38,298,489,473,86,364,26,98,344,317,104,166,378,288,167,447,203,185,224,393,305,57,480,405,60,388,297,450,423,331,421,99,513,281,396,498,257,259,274,10,89,482,94,265,171
434,298,424,261,107,471,168,370,100,366,373,406,268,325,221,14,444,177,254,537,331,458,541,20,506,275,442,367,348,257,217,498,213,398,284,27,37,343,403,472,105,18,492,66,77,236,286,63,481,47,297,146,238,382,416,399,239,88,281,17,418,479,71,3,113,120,9,540,528,356,423,451,313,207,267,184,514,256,0,357,35,404,130,309,124,426,59,466,80,339,476,362,234,393,209,475,323,55,436,24,519,329,430,159,390,161,529,352,513,277,26,36,258,172,200,237,477,145,496
533,469,93,141,266,46,37,23,52,374,452,498,199,79,414,150,157,312,417,71,503,111,477,407,25,170,512,438,188,511,233,339,310,129,237,521,390,538,101,132,184,279,373,116,441,513,273,42,352,387,66,114,253,318,12,212,110,432,413,294,213,332,86,47,215,115,205,40,424,127,506,196,239,118,26,257,418,260,527,235,449,89,460,541,371,254,103,410,88,274,412,137,499,483,57,539,268,152,315,296,180,466,447,398,81,370,467,308,485,522,375,427,70,464,135,476,200,481,241
331,142,504,368,378,48,3,230,122,41,534,388,500,298,432,18,121,320,239,448,81,212,62,276,9,59,451,466,194,206,512,5,33,95,249,477,440,258,379,277,155,140,404,34,120,29,71,4,55,374,193,255,390,513,166,141,293,281,498,532,106,57,200,460,345,266,364,514,181,292,30,473,271,353,195,222,227,96,402,70,435,109,310,361,64,421,328,316,409,54,413,224,173,476,307,190,37,0,520,245,323,210,351,130,273,359,503,478,285,332,25,469,444,501,289,418,175,291,235
127,440,398,61,12,378,407,169,11,134,211,318,174,443,105,364,76,510,320,373,204,96,467,466,450,181,405,284,414,257,539,498,83,328,145,162,496,335,53,58,124,256,338,107,418,88,120,85,80,40,226,457,167,208,367,157,254,294,240,230,309,71,375,185,480,293,537,491,263,250,508,499,133,376,220,149,431,310,379,530,435,75,138,468,455,261,449,273,380,17,354,306,3,84,143,337,453,20,203,70,429,37,52,155,402,100,98,423,285,175,121,279,206,481,343,527,389,425,228
338,248,50,447,468,132,354,350,276,181,187,463,356,102,371,155,275,314,138,115,517,438,498,280,497,395,373,230,393,71,20,464,121,378,128,374,36,475,136,309,131,440,502,53,96,49,453,98,487,93,330,443,370,417,213,34,161,480,89,364,407,166,399,433,299,286,420,114,123,174,204,258,472,122,394,270,324,85,140,533,3,530,44,531,4,256,481,430,231,398,519,359,38,274,516,183,208,120,153,129,518,83,511,169,391,217,413,352,134,421,233,35,301,483,247,207,244,185,343
234,502,515,128,387,6,156,162,235,267,271,23,331,434,38,11,75,226,339,432,164,199,57,51,131,22,421,359,9,333,473,173,187,56,448,68,334,144,420,384,202,520,373,305,252,354,82,380,381,95,453,519,140,264,451,247,440,349,350,118,64,386,215,205,124,10,53,531,492,158,470,42,123,514,270,512,80,539,245,277,31,175,240,336,21,248,479,99,2,143,98,138,329,260,439,463,181,255,115,455,113,41,103,310,511,297,428,303,291,446,84,478,457,0,527,346,501,326,489
91,269,147,341,206,164,524,176,404,506,493,243,399,345,5,138,259,248,380,277,151,170,80,111,403,408,358,24,421,64,479,496,6,190,214,207,294,388,85,203,511,271,22,158,125,21,117,208,260,309,11,285,59,242,106,256,105,168,293,185,461,165,113,166,262,45,398,321,351,57,225,28,136,409,135,401,186,280,307,109,223,373,360,175,31,40,76,75,508,275,90,486,423,504,180,74,210,104,470,110,154,347,457,62,535,58,227,19,43,354,240,212,390,87,71,510,485,503,384
130,240,355,114,441,298,264,368,133,476,340,109,440,271,233,436,246,177,539,317,541,437,137,129,431,146,75,26,41,474,493,459,254,473,185,186,517,165,359,160,174,534,391,11,417,521,504,218,215,429,101,249,481,99,500,306,338,351,505,18,96,147,397,113,464,527,54,37,284,328,208,495,289,292,173,325,396,329,194,2,68,326,447,16,337,220,72,434,50,188,36,342,91,450,426,412,392,98,61,478,406,513,492,445,20,243,310,458,312,238,273,242,361,509,235,300,525,145,252
45,157,86,200,298,29,9,430,100,228,30,212,101,500,154,32,454,311,306,528,286,305,534,275,230,189,81,417,264,315,87,51,229,283,8,369,13,118,349,273,221,25,105,163,343,23,385,281,435,279,383,57,344,496,137,290,83,272,327,338,182,109,391,476,312,472,152,143,493,72,261,102,370,539,68,166,185,74,471,302,20,132,425,225,384,254,424,94,352,196,492,50,467,263,28,33,314,153,239,482,416,108,138,223,52,438,40,44,320,136,444,130,540,389,316,428,494,244,513
426,502,275,431,189,495,141,425,238,387,496,311,423,215,441,375,473,506,19,497,410,237,349,228,195,440,264,295,316,171,510,107,223,177,167,427,308,63,53,429,108,521,252,322,77,458,222,13,459,251,343,123,437,511,271,354,176,416,483,399,86,81,100,409,71,11,328,84,293,233,444,539,62,188,486,465,283,501,149,241,239,278,290,326,258,261,131,147,305,159,342,50,124,455,225,199,29,500,296,330,315,267,32,208,73,381,204,508,15,335,175,92,540,450,172,165,25,422,76
428,264,212,296,128,236,329,80,84,208,508,37,410,350,299,487,197,464,397,448,417,433,193,198,248,155,239,430,192,406,429,398,420,301,352,107,241,312,92,171,339,327,42,384,185,502,47,3,522,66,338,290,255,35,447,21,399,48,319,528,26,282,85,510,512,462,495,235,496,405,184,201,518,25,232,274,324,124,10,99,486,56,287,269,412,355,292,106,168,539,211,86,247,525,6,49,60,150,179,72,266,70,204,456,280,388,359,320,386,260,524,245,154,521,390,28,513,156,167
266,223,337,84,134,477,326,428,301,431,295,525,375,385,408,51,319,474,402,202,115,151,92,131,95,473,517,6,169,489,279,137,471,89,284,413,74,384,187,302,43,197,227,73,379,530,512,32,198,365,37,220,504,274,42,59,387,210,9,44,291,166,219,68,425,341,511,123,421,457,140,538,67,17,18,221,390,399,484,363,27,275,468,514,116,91,269,191,106,47,419,261,424,325,392,276,430,122,53,65,25,283,290,153,162,443,478,107,304,193,167,61,382,464,258,434,502,165,541
124,26,508,131,393,215,316,172,161,216,188,232,14,345,341,214,290,409,459,514,279,192,334,59,127,156,204,485,359,132,311,499,383,68,364,98,222,77,291,435,212,180,149,45,361,378,249,457,265,229,489,494,476,86,269,55,139,113,389,176,302,96,296,62,521,280,509,37,85,148,451,386,15,516,466,350,515,398,367,191,478,9,194,487,260,326,431,227,418,167,400,93,355,529,18,73,382,208,115,43,337,272,492,218,320,84,293,142,150,315,1,235,10,300,247,306,134,460,534
276,373,265,94,346,141,190,95,207,225,289,324,371,11,316,117,267,4,234,292,247,75,235,226,508,442,201,412,327,483,214,157,479,33,81,79,126,454,53,439,238,283,394,299,128,130,116,182,334,440,474,60,233,279,97,410,388,159,541,103,155,13,441,29,102,69,236,204,537,363,530,185,57,213,147,395,529,432,211,362,471,350,138,0,314,149,131,326,317,329,525,396,154,134,84,73,365,465,337,248,351,244,223,374,158,210,71,421,523,294,1,166,178,455,424,271,353,135,428
69,500,484,42,175,301,144,259,528,93,364,517,308,148,373,430,235,375,267,324,126,524,519,494,460,483,317,291,486,258,87,150,125,504,106,395,140,62,31,332,323,146,246,247,271,4,274,290,521,174,427,143,190,434,531,402,43,335,95,368,168,157,40,137,36,82,176,279,507,299,212,489,115,273,438,450,180,236,26,307,356,127,326,441,442,458,207,394,23,213,162,29,360,186,451,485,371,99,487,391,367,119,366,351,211,214,46,325,540,155,16,310,223,473,472,529,389,233,469
203,4,213,472,318,475,106,484,267,184,227,488,419,253,463,414,262,492,16,9,293,297,362,405,483,103,320,143,346,481,163,192,383,91,49,24,175,375,183,443,259,180,462,308,20,159,315,25,191,368,434,269,321,140,453,151,244,416,470,290,358,107,456,400,268,67,17,228,487,238,157,304,174,30,423,33,507,230,495,199,523,517,271,70,209,309,460,280,260,282,277,136,407,302,96,330,126,52,540,79,113,439,329,388,198,379,220,312,211,188,243,502,432,177,501,111,81,278,193
195,125,88,98,442,105,330,338,320,507,138,21,496,190,148,131,362,50,401,141,122,192,418,214,120,450,187,388,417,273,235,522,397,408,309,360,410,62,19,465,18,288,449,30,519,445,109,451,230,155,398,406,344,498,215,405,500,510,169,185,368,489,460,23,228,488,304,415,14,377,265,493,142,295,267,332,167,188,231,467,196,218,193,502,184,247,539,376,114,210,399,44,268,367,378,518,108,137,28,24,459,356,407,294,5,0,414,194,13,337,110,359,127,536,11,335,41,262,259
480,458,428,395,301,248,502,203,492,286,72,174,61,107,539,337,483,442,349,347,266,221,137,330,491,131,517,494,414,15,447,223,397,512,427,307,189,196,130,167,261,154,516,382,275,177,504,222,1,509,219,369,156,37,336,100,448,176,498,273,125,84,434,401,250,457,352,431,314,40,224,49,234,22,90,398,152,375,60,310,0,75,178,327,155,251,20,52,293,514,287,388,165,320,36,356,487,79,426,157,304,318,244,56,183,141,54,378,462,88,474,142,452,354,116,97,400,262,477
100,251,539,541,305,176,273,226,209,353,47,448,65,374,423,496,517,472,152,473,61,264,470,301,321,231,322,197,195,424,390,529,161,83,324,110,333,521,358,179,291,304,55,313,188,143,452,234,112,109,74,391,450,43,57,64,343,166,248,208,118,456,272,434,329,142,410,196,407,483,253,401,312,412,332,502,146,198,326,121,240,468,256,336,510,320,108,484,221,140,346,26,348,393,145,38,404,218,338,287,309,487,97,19,72,454,334,446,22,63,173,387,213,125,357,79,498,415,132
330,403,347,193,517,13,29,221,301,289,435,395,374,15,529,393,92,469,291,370,352,397,64,404,174,216,43,481,272,222,398,109,292,339,244,407,318,245,63,365,131,236,514,342,209,120,509,501,379,319,475,36,137,314,394,148,444,494,484,251,196,38,23,513,181,271,455,227,80,257,324,152,146,300,355,288,134,277,224,442,488,381,468,421,286,139,462,41,502,500,331,313,437,136,268,356,396,436,248,106,21,334,315,54,476,399,25,119,228,470,410,472,526,521,50,185,357,213,351
41,228,124,513,369,214,102,156,297,45,201,253,296,439,470,424,77,410,315,516,212,245,105,303,358,272,252,295,473,507,195,389,46,5,146,319,83,89,476,0,95,240,227,222,455,520,415,13,230,133,127,112,387,388,200,203,372,442,443,111,94,118,51,454,433,115,324,163,428,495,16,281,119,299,435,178,258,171,504,141,431,478,190,349,123,73,484,517,154,226,321,221,12,453,237,3,325,136,362,374,64,521,337,273,462,75,440,338,172,40,293,238,179,18,352,401,503,494,192
418,428,174,144,360,59,177,512,362,260,279,434,267,63,198,179,0,368,270,366,312,11,508,495,255,96,23,41,64,87,498,397,320,439,389,412,523,535,121,369,452,303,469,108,518,75,3,102,475,399,217,57,429,431,216,299,414,149,2,491,347,114,453,382,374,533,71,457,199,1,254,160,467,450,276,511,60,52,6,29,139,140,206,487,520,19,515,281,329,470,310,215,39,249,483,150,385,88,79,262,317,256,350,73,408,138,496,89,233,53,528,184,42,480,438,415,131,377,231
184,498,512,170,493,59,289,79,293,518,85,23,220,516,487,8,253,367,55,314,84,149,61,97,181,108,255,239,257,265,138,233,392,64,414,52,408,199,62,248,391,454,470,323,91,246,384,359,471,455,425,476,540,295,452,13,182,217,71,286,356,371,525,172,458,259,468,406,489,272,488,325,378,125,363,497,179,331,291,36,177,15,154,282,431,263,189,342,153,99,66,141,175,224,365,0,60,146,27,375,63,372,77,505,143,443,11,186,140,9,376,415,351,34,205,251,273,206,122
417,251,524,75,12,450,339,16,352,101,288,410,223,242,425,176,80,107,196,78,109,113,272,140,360,416,155,495,329,394,363,116,484,333,169,100,523,531,26,411,458,280,476,122,260,380,381,199,279,364,499,421,372,481,67,431,473,412,214,503,309,31,243,108,139,181,305,470,529,2,17,452,128,20,273,93,10,142,374,162,292,266,255,462,344,429,212,457,159,34,419,206,161,56,228,444,244,82,115,277,184,382,227,238,41,386,51,326,511,291,96,24,168,125,231,23,95,166,298
510,277,37,457,276,463,10,256,335,295,74,496,540,462,282,296,418,507,445,473,172,350,367,516,170,155,209,370,100,29,266,469,220,164,483,185,201,331,71,265,150,219,254,408,501,453,334,435,461,146,232,64,361,467,466,126,250,536,14,34,485,149,152,109,264,278,267,489,130,93,419,167,537,415,112,523,203,369,271,355,231,99,159,416,76,497,147,177,322,72,402,94,229,427,195,470,284,247,281,392,286,262,294,509,174,315,465,148,171,506,336,404,364,448,168,341,478,522,477
356,340,303,305,118,396,475,342,402,534,275,86,349,359,100,114,112,375,98,63,466,291,337,213,254,384,496,297,539,371,421,108,161,314,515,516,128,189,13,298,236,256,27,84,373,180,76,529,467,270,345,504,321,243,313,438,332,24,73,193,300,122,399,43,517,179,293,292,525,307,15,302,508,420,50,94,20,35,185,201,221,4,240,145,265,311,140,65,224,113,3,173,83,175,435,353,95,470,206,5,406,495,25,408,263,433,88,188,524,343,540,405,445,23,75,490,129,99,151
82,201,456,518,472,315,279,25,394,14,272,225,124,285,383,400,219,369,108,412,278,165,415,55,211,237,441,72,294,176,62,498,127,174,350,197,506,6,42,207,277,431,130,100,196,22,199,203,247,387,348,303,459,95,381,376,338,267,468,283,343,352,86,105,52,364,91,94,356,414,507,77,80,23,443,132,63,296,32,171,388,513,135,273,137,26,377,157,159,489,177,292,56,365,434,378,253,453,510,4,491,448,134,265,249,88,274,275,511,69,429,367,366,308,138,403,524,58,362
490,532,153,200,342,525,540,61,327,504,207,458,241,272,202,105,246,39,226,299,121,184,70,375,203,47,58,518,213,2,237,243,234,113,424,181,510,247,235,274,230,488,187,217,373,151,141,93,20,68,285,300,165,333,63,236,152,102,443,239,131,267,116,6,497,197,138,288,262,57,81,403,319,397,85,380,71,329,125,38,516,271,8,511,149,31,308,36,534,381,295,399,159,297,263,330,52,304,428,321,189,169,294,179,394,382,398,391,198,465,388,386,449,409,251,212,94,51,439
