292,16,219,247,295,7,105,236,416,251,421,142,334,415,82,17,266,250,167,38,127,381,184,22,215,440,71,308,181,195,478,145,423,345,134,233,89,351,155,338,185,68,467,393,477,122,225,314,192,479,298,2,120,461,99,464,274,187,395,457,160,341,281,230,223,240,33,490,299,166,432,256,80,114,211,443,18,501,254,154,418,310,336,36,273,41,76,196,290,191
467,307,76,57,493,397,395,49,226,85,413,97,485,178,221,212,228,125,348,140,73,316,267,91,442,61,136,233,154,84,338,332,420,89,398,90,245,496,177,167,222,114,2,278,364,22,169,163,124,40,134,229,207,298,81,199,445,253,344,123,376,268,139,266,247,308,255,32,498,250,345,236,205,69,215,277,299,489,275,198,433,359,473,286,225,50,487,18,1,224
274,33,25,179,47,77,55,311,232,426,409,248,71,234,441,223,396,256,472,228,175,371,132,459,403,357,489,216,168,332,266,465,267,78,378,121,165,316,16,351,100,329,301,294,424,321,245,12,413,59,151,222,435,439,126,367,148,45,23,305,281,392,54,418,146,83,343,244,72,184,304,205,402,98,499,93,40,302,99,218,106,49,350,157,237,380,384,355,470,369
216,229,340,380,284,106,136,305,186,59,321,400,492,3,107,217,312,209,447,195,446,415,333,102,35,395,502,408,45,421,28,178,130,184,233,487,388,99,490,383,144,238,355,150,259,255,458,134,207,226,327,174,471,371,141,247,228,436,244,300,245,42,353,276,368,187,410,369,454,406,86,308,212,438,288,33,304,375,156,8,302,167,480,164,37,379,203,486,191,462
310,95,123,86,157,48,284,404,418,479,27,112,291,381,37,486,215,98,490,292,224,468,411,445,303,8,200,103,173,434,454,294,97,267,414,288,391,394,427,167,493,24,336,354,296,25,18,289,187,440,203,166,307,326,87,395,80,60,502,495,442,176,84,15,370,274,261,412,178,45,452,482,295,473,30,74,227,361,241,312,231,369,226,309,89,181,216,175,286,262
234,198,99,49,221,328,78,21,477,440,95,327,324,97,291,219,465,406,461,184,286,192,25,309,26,84,159,114,480,296,90,51,325,289,483,428,492,154,435,495,202,306,390,487,39,176,388,500,251,83,86,207,414,385,239,397,168,19,88,426,472,297,361,215,496,262,497,356,200,48,203,416,60,120,54,216,369,491,476,370,148,273,332,50,457,267,317,243,311,125
272,148,6,340,80,493,346,197,355,117,49,261,326,390,242,51,295,463,204,298,111,147,181,35,451,96,318,441,285,271,13,38,484,415,16,8,334,428,220,173,426,91,372,24,183,166,320,243,403,87,9,105,65,501,420,103,126,446,495,314,279,299,304,214,282,389,15,64,2,63,14,429,28,351,394,392,461,433,354,444,34,7,338,222,378,448,93,319,215,459
282,86,27,359,192,296,235,233,171,95,17,204,321,496,250,487,363,365,186,340,36,71,135,129,90,46,489,6,78,142,40,465,268,157,72,392,53,274,61,147,361,316,413,494,414,1,294,132,325,385,264,218,448,260,74,485,30,324,28,311,446,330,108,471,7,109,75,156,353,431,214,77,13,191,452,342,486,59,244,153,237,422,89,320,468,14,206,443,474,231
336,460,358,422,418,395,91,173,259,342,240,79,22,250,302,199,85,492,359,140,108,253,266,180,334,288,393,437,284,194,76,456,328,162,378,469,66,28,234,27,344,171,270,267,24,473,312,397,402,41,357,369,18,65,17,5,187,222,113,337,244,427,289,338,370,46,52,34,446,413,233,219,159,90,383,64,391,322,204,278,452,276,98,348,381,123,368,491,195,111
441,263,306,250,351,424,418,339,197,403,491,97,34,274,373,383,79,437,310,302,275,66,36,336,202,233,45,485,107,6,232,91,340,87,187,196,323,106,126,170,153,301,132,486,30,248,213,182,174,2,166,345,150,256,397,357,461,24,208,365,145,235,469,422,59,429,214,219,47,61,236,82,405,37,419,193,272,41,3,266,370,281,133,292,247,43,215,438,385,444
435,244,417,113,201,459,11,227,234,324,290,364,252,356,214,152,287,336,79,230,85,116,241,255,293,239,206,154,383,282,465,229,306,388,496,256,278,188,323,360,500,237,155,94,120,114,191,308,82,271,399,426,13,277,289,409,451,438,16,29,84,215,389,157,442,393,100,14,86,477,160,21,258,125,18,8,72,347,250,232,394,180,468,441,464,348,182,132,427,484
130,21,72,334,351,340,458,122,58,263,365,476,242,397,392,151,179,163,282,218,398,442,357,168,305,419,150,219,28,54,246,497,370,366,184,248,371,223,241,182,35,80,297,97,281,387,164,147,101,2,373,299,475,470,488,501,390,375,87,82,407,247,468,201,61,199,127,404,103,294,39,251,418,27,496,131,250,42,482,380,337,313,356,44,125,331,89,86,230,207
457,360,286,97,351,216,358,117,222,211,499,118,370,359,436,427,184,246,428,364,66,386,472,413,101,410,292,336,435,378,26,373,350,267,489,407,95,96,40,368,201,326,349,276,1,309,257,116,404,353,365,290,446,167,161,440,251,298,320,89,409,477,240,124,192,204,237,260,54,215,308,264,372,47,126,30,55,490,33,138,484,142,463,496,174,387,146,273,188,69
179,394,455,290,326,405,433,465,416,65,358,36,473,7,386,501,230,331,60,468,206,314,316,11,83,305,69,208,123,243,236,33,87,40,175,332,336,137,393,79,498,443,453,29,226,359,376,421,266,21,337,27,17,224,447,271,210,281,274,158,380,308,295,348,184,149,303,476,237,370,170,182,35,133,361,437,334,178,457,286,52,129,320,192,160,434,219,207,85,140
59,76,475,284,316,86,433,1,227,388,411,390,474,184,220,451,136,81,160,461,96,348,327,343,65,25,27,491,299,497,289,274,281,77,30,294,151,180,236,493,186,157,440,131,36,101,334,492,181,496,35,331,458,378,288,126,226,400,277,481,121,293,318,486,499,344,148,477,432,257,488,336,369,173,239,307,356,28,191,171,244,251,144,471,249,0,424,128,298,297
331,240,478,93,418,423,420,407,117,198,223,164,348,140,54,174,57,46,488,437,131,492,120,90,279,490,391,89,393,450,441,2,257,283,147,327,82,175,293,98,462,460,303,368,355,62,85,161,4,487,243,96,229,28,304,397,245,290,68,8,440,285,150,260,91,266,302,53,77,254,320,409,383,159,295,153,24,199,456,73,192,334,333,454,446,221,208,311,291,323
436,327,8,15,441,474,433,298,84,357,395,141,207,98,302,261,306,364,247,194,121,174,276,114,184,294,435,495,18,444,292,427,4,409,75,6,67,104,139,124,380,38,250,211,373,30,430,231,189,493,1,320,109,90,315,293,417,465,354,386,178,14,151,79,265,402,309,460,196,45,416,64,241,39,154,340,93,253,396,362,243,149,388,28,244,150,23,478,34,40
180,269,218,19,56,486,434,348,285,485,469,333,481,409,451,87,65,22,406,116,343,214,453,25,39,474,153,445,405,23,211,435,188,170,263,311,312,458,466,151,197,130,198,7,284,277,0,238,483,465,35,192,426,276,358,181,425,137,342,279,18,479,167,298,339,455,159,164,487,80,176,253,48,380,184,113,161,26,326,156,378,3,468,145,57,381,383,364,185,27
67,293,449,442,15,139,116,181,274,9,311,153,278,475,452,348,194,489,337,365,490,325,420,445,200,319,470,229,433,162,370,3,468,439,339,65,150,97,180,177,321,417,256,456,145,212,356,49,230,73,115,195,494,168,344,346,491,126,300,350,223,10,415,33,117,486,393,358,107,81,25,43,185,190,55,448,95,378,484,306,338,30,328,39,11,211,120,359,34,285
343,222,419,254,133,57,8,277,52,434,411,100,291,407,319,322,436,39,427,391,468,483,193,330,135,38,166,308,58,153,365,119,123,229,428,65,247,337,400,165,387,150,103,221,27,501,64,457,130,72,385,186,453,289,369,399,414,413,146,340,490,326,325,261,283,207,104,251,206,363,49,132,25,81,201,276,348,422,50,73,265,371,114,140,113,497,31,446,405,29
355,214,204,335,256,359,16,392,370,50,467,67,217,156,25,431,113,458,216,160,144,224,314,276,220,420,10,311,111,83,341,429,371,106,36,496,480,73,475,139,385,164,128,268,306,176,499,434,488,346,389,279,71,452,295,469,202,460,248,484,292,201,345,225,183,212,165,455,287,426,116,162,275,441,21,11,386,502,444,237,86,19,229,433,123,17,243,303,87,39
123,359,330,362,335,485,53,277,376,331,395,81,275,109,311,190,312,420,397,82,364,402,24,264,239,502,72,499,343,238,328,36,394,399,493,124,253,51,29,88,332,484,345,87,68,486,120,39,237,20,59,411,48,37,418,358,392,433,31,465,245,427,225,455,304,306,298,107,383,391,492,54,102,56,327,295,363,336,487,84,271,140,162,96,256,276,106,223,430,273
228,420,239,298,279,379,153,336,502,392,0,176,1,133,269,130,53,312,208,210,154,220,39,152,82,441,395,491,72,442,57,33,192,324,137,94,123,450,22,175,426,487,493,221,203,265,32,372,362,134,371,405,374,347,463,501,363,458,127,331,4,382,149,116,434,155,466,9,105,430,89,97,473,61,453,135,240,472,179,415,42,299,495,282,361,403,206,351,165,486
203,209,217,436,390,215,302,403,362,432,395,24,372,182,170,1,257,307,428,53,222,277,294,262,25,308,223,61,255,292,80,459,198,409,39,134,58,71,358,367,341,136,179,155,440,309,272,407,124,342,48,221,218,171,386,109,194,34,315,451,60,475,237,249,167,449,405,73,293,20,8,271,353,245,327,133,476,376,427,76,67,200,152,402,31,473,187,434,235,278
364,191,243,7,290,151,78,259,420,434,410,340,136,89,311,104,495,404,317,67,37,100,47,240,168,164,387,224,175,62,187,360,443,82,367,48,350,275,17,423,267,338,493,373,288,133,45,186,308,307,370,156,291,472,69,395,234,43,330,485,497,371,135,235,415,221,421,403,33,46,263,183,250,226,181,207,444,80,190,319,117,416,357,22,417,436,111,194,402,18
288,49,25,363,105,469,303,173,251,209,433,367,6,235,215,5,39,384,143,474,192,14,376,386,116,356,219,223,95,267,301,382,16,477,262,96,400,441,175,416,211,371,204,331,277,241,93,265,486,45,54,20,114,430,370,296,449,0,435,428,485,28,388,210,162,292,374,140,349,359,234,314,341,468,170,293,397,32,479,273,87,438,247,459,230,231,217,198,315,226
120,413,236,349,142,450,283,78,71,68,15,372,356,180,124,20,6,77,401,406,318,474,46,326,204,55,231,88,306,487,309,381,250,425,17,48,29,279,484,342,85,125,344,196,171,38,376,388,465,215,61,104,386,438,353,244,192,307,308,256,182,237,263,437,221,302,439,403,458,253,319,424,170,173,281,179,454,323,33,111,494,420,151,67,39,159,167,37,223,70
455,398,232,480,194,259,265,286,32,212,250,477,120,385,80,278,29,326,457,81,490,215,345,359,204,378,202,445,423,415,129,79,231,157,228,208,393,302,24,200,342,23,193,35,409,336,364,44,12,206,221,280,42,94,463,10,344,196,263,85,402,225,74,354,163,441,306,56,247,454,331,350,478,188,242,269,234,233,491,20,126,271,46,227,395,71,312,101,240,468
91,440,152,157,250,139,320,431,255,158,84,423,138,28,214,164,37,499,212,432,56,226,482,411,391,491,355,123,176,113,275,34,287,281,233,55,348,163,100,260,330,149,64,470,413,143,387,424,33,98,362,382,182,402,153,266,213,105,500,23,217,292,403,429,265,329,415,295,104,200,370,335,9,315,409,5,95,388,168,137,259,337,417,18,47,261,2,209,202,12
19,497,31,42,51,170,277,141,240,273,291,418,274,34,137,213,203,63,403,309,272,490,88,67,408,355,303,87,324,80,290,397,461,479,311,199,370,427,55,252,443,165,157,47,295,483,194,320,118,187,164,379,440,449,492,420,402,313,32,124,60,292,307,266,263,184,411,258,354,251,6,333,377,255,358,123,342,310,465,219,305,178,115,196,468,262,99,361,267,197
234,462,30,331,277,243,288,314,353,237,298,337,128,137,53,440,404,266,436,433,149,382,194,219,397,246,477,231,391,359,464,483,218,12,126,139,396,88,347,124,216,62,208,305,264,407,321,356,227,175,421,471,472,182,226,27,158,57,205,417,40,482,317,119,247,103,179,85,82,7,136,311,451,97,486,232,163,169,329,141,480,52,5,164,467,238,355,441,165,489
212,17,204,183,237,30,315,316,341,82,158,131,202,455,334,6,391,431,148,156,13,355,284,304,228,266,44,192,175,387,479,196,419,141,184,360,58,501,446,195,481,231,275,255,97,493,457,369,382,77,241,72,303,167,224,112,404,182,57,43,285,465,385,336,227,101,428,426,137,323,293,206,452,47,92,322,86,413,210,230,135,171,94,295,187,486,440,154,53,294
74,283,471,218,461,150,157,382,302,40,182,331,101,88,246,25,226,260,297,374,20,485,271,462,79,422,418,366,338,367,423,479,183,497,402,448,13,201,242,89,325,207,142,186,64,469,31,46,387,414,482,326,312,174,86,370,324,136,399,169,22,42,214,354,185,401,293,215,392,291,280,439,361,267,350,133,95,372,273,71,376,190,167,117,307,432,460,383,357,244
48,387,390,325,313,476,88,176,304,368,356,292,145,251,223,140,8,196,144,413,431,345,435,341,422,336,467,205,402,295,377,469,445,172,401,482,299,477,382,38,298,485,471,86,364,26,98,344,317,104,166,378,288,167,447,203,185,224,393,305,57,463,405,60,388,297,446,423,331,421,99,335,281,396,494,257,259,274,10,89,478,94,265,171,217,296,374,149,212,130
53,235,421,84,185,50,183,359,186,203,451,438,134,162,461,394,364,276,110,467,7,222,331,356,302,358,88,127,502,165,299,229,393,217,10,253,137,357,221,273,496,271,314,348,285,264,174,443,280,479,401,128,108,213,398,284,27,37,343,403,105,18,66,77,236,286,63,47,297,146,238,382,416,399,239,476,281,17,418,71,3,113,120,9,298,325,453,313,207,267
184,367,256,0,357,35,404,130,309,124,426,59,502,80,339,120,362,234,393,209,9,323,55,436,24,434,329,430,159,390,161,268,470,352,348,277,26,36,258,172,200,237,113,145,457,236,266,394,485,46,70,133,23,18,11,359,466,400,338,187,226,282,249,313,99,288,39,427,207,75,373,78,156,208,302,388,497,251,480,334,447,238,203,12,85,387,500,274,219,374
94,255,116,339,310,129,237,390,141,101,132,184,279,373,500,441,188,273,42,352,387,66,114,253,318,12,212,110,432,413,294,213,332,86,47,215,115,205,40,424,127,493,196,239,118,26,257,418,260,414,235,449,89,450,52,371,254,103,410,88,274,412,137,489,473,57,93,268,152,315,296,180,456,437,398,81,370,457,308,475,71,375,70,454,135,466,200,471,241,314
332,355,165,71,429,252,184,345,189,469,416,24,1,387,309,115,61,20,285,318,377,487,449,194,250,149,265,216,9,60,436,160,119,224,40,106,31,359,138,366,428,4,29,426,225,233,402,97,103,401,369,454,5,33,95,249,440,258,379,277,155,140,404,34,120,460,499,461,55,374,193,255,390,479,166,141,293,281,439,41,467,57,200,495,266,364,181,292,30,492
271,353,483,195,222,227,96,402,70,435,109,310,361,64,421,328,316,409,54,413,224,173,266,307,190,37,0,212,245,323,210,351,130,273,359,379,492,285,332,25,432,502,476,155,289,418,175,291,235,451,63,220,445,414,199,30,308,6,399,189,203,84,5,67,431,455,105,159,428,87,221,52,367,325,182,38,272,255,160,186,314,102,48,233,419,225,479,90,202,142
445,310,277,207,357,488,128,199,83,328,145,162,335,53,58,124,256,338,107,418,88,120,85,80,40,226,457,167,208,367,157,254,294,240,230,309,71,375,185,466,293,12,477,263,250,493,485,133,376,220,149,431,501,379,318,435,75,138,454,261,273,380,17,354,306,3,84,143,337,441,20,203,70,429,37,52,155,402,100,98,285,175,121,279,206,467,343,105,389,414
228,333,169,461,465,124,487,25,383,223,234,66,369,177,175,138,90,347,93,314,231,459,178,290,304,408,446,429,351,51,185,77,137,157,69,57,317,258,219,287,249,140,248,343,197,186,271,447,115,390,196,35,357,399,10,121,378,128,374,36,136,309,131,441,53,96,49,98,484,330,370,417,213,34,161,89,364,407,166,449,299,286,420,114,123,174,204,498,431,122
394,270,324,85,140,276,3,498,44,187,4,256,407,430,231,398,53,359,38,274,395,183,208,120,447,153,129,280,83,20,169,391,217,413,352,134,421,233,35,301,89,247,207,244,185,343,297,370,416,117,251,257,64,455,317,193,496,78,81,453,133,329,353,357,292,419,389,135,11,440,367,279,397,296,165,470,19,5,37,113,472,216,82,320,99,28,25,65,471,434
423,431,210,179,394,4,166,267,236,173,187,56,448,68,334,144,420,384,202,199,373,305,252,354,82,380,381,95,453,57,140,264,451,247,440,349,350,118,64,386,215,205,124,10,53,271,475,158,42,123,359,270,333,80,421,245,277,31,175,240,336,21,248,462,99,2,143,98,138,329,260,447,181,255,115,439,113,41,103,310,456,297,303,291,501,84,461,441,0,38
469,346,202,429,326,140,45,134,73,379,270,277,433,401,352,170,408,409,463,103,82,262,88,467,278,294,276,500,389,253,246,340,121,199,172,334,2,69,129,124,190,138,375,75,85,40,492,55,201,204,301,179,12,210,348,32,367,493,290,239,6,462,214,207,477,388,458,203,271,22,158,125,21,117,208,260,309,11,285,59,242,106,256,105,168,293,185,165,113,166
262,45,398,321,351,57,225,28,136,409,135,401,468,186,280,307,109,223,373,360,175,31,40,76,75,190,275,90,256,423,388,180,74,210,466,104,495,110,154,347,481,442,62,248,58,227,19,43,354,240,212,390,87,71,21,105,85,384,65,120,349,282,389,410,273,369,317,177,497,386,344,338,322,220,430,149,132,396,184,399,66,364,238,170,324,498,54,429,329,488
135,116,218,316,356,295,272,287,123,324,88,375,177,158,65,500,301,68,64,215,444,73,37,13,20,335,237,486,246,459,254,185,186,431,165,359,160,174,368,391,11,417,130,468,487,483,429,101,249,99,464,306,338,351,469,18,96,147,397,113,233,54,480,284,328,208,473,289,292,173,325,396,329,194,2,485,326,16,337,220,72,50,188,36,342,91,418,412,392,98
456,61,113,406,41,429,467,392,20,243,310,16,312,238,273,242,361,254,235,300,246,145,252,22,388,78,272,405,275,43,461,288,346,100,149,14,4,414,338,215,50,307,114,343,362,486,459,282,356,433,15,478,106,462,250,370,77,491,227,328,155,153,268,448,434,143,152,423,463,408,137,115,94,40,495,313,208,132,295,157,473,51,229,283,8,369,13,118,349,488
221,25,105,163,343,23,385,281,435,279,383,57,344,497,137,290,83,272,327,338,182,109,391,476,312,472,152,143,494,72,261,102,370,86,68,166,185,74,477,302,20,132,425,225,384,254,424,94,352,196,493,50,468,263,28,33,314,153,239,483,416,108,138,223,52,439,40,44,320,136,445,130,157,389,316,429,495,244,264,458,213,251,488,215,455,247,323,70,345,212
364,119,305,193,248,321,155,211,269,347,478,107,220,187,263,236,310,382,345,253,9,498,205,287,118,375,174,114,97,472,490,373,331,459,132,147,453,452,409,357,304,158,85,442,358,255,491,223,177,167,427,308,63,53,429,108,410,252,322,77,222,13,251,343,123,437,456,271,354,176,416,399,86,81,100,464,71,11,328,84,293,233,275,62,188,434,283,447,149,241
239,278,290,326,258,469,261,468,131,147,305,477,159,342,50,124,494,225,199,483,29,410,296,330,315,267,32,208,73,455,381,204,177,15,335,448,175,444,92,429,488,172,165,25,422,76,282,446,214,132,106,148,64,304,118,310,164,322,393,40,42,104,308,254,18,205,466,149,243,98,232,198,224,475,311,384,489,292,358,216,96,440,360,368,99,487,77,119,215,458
