585,33,439,494,591,15,211,473,503,284,669,164,35,533,501,335,77,255,369,45,430,142,617,363,390,431,290,691,268,467,178,310,677,371,136,699,245,450,628,384,709,596,4,241,137,199,697,549,374,692,321,562,461,446,481,66,668,598,332,513,160,229,422,244,37,32,508,308,621,73,546,82,153,393,580,383,615,656,115,98,452,170,195,357,443,424,456,251,281,146,632,534,182,122,273,466,309,168,698,180,491,355,713,445,667,5,557,44,339,327,248,81,700,458,414,687,162,399,507,247,537,278,532,725,511,64,647,714,472,410,139
430,554,598,357,551,397,501,718,169,572,451,101,425,36,2,449,548,66,51,358,94,155,111,622,464,496,142,469,446,513,457,351,265,701,433,336,665,532,535,157,243,330,633,33,200,658,602,589,643,490,25,119,303,445,252,296,91,47,611,563,108,292,166,488,144,369,609,410,196,709,186,81,605,199,436,212,98,315,474,534,694,458,568,213,272,670,373,118,7,214,434,624,418,391,204,71,648,672,56,356,260,368,467,638,198,289,477,301,518,511,519,269,414,452,349,725,283,494,698,692,601,491,85,552,375,616,172,716,577,67,313
16,605,335,667,329,75,406,624,382,289,620,190,246,172,315,97,569,54,225,583,723,431,196,709,585,449,607,728,401,206,347,588,195,535,577,334,48,673,592,51,37,578,374,722,332,615,653,175,161,120,718,353,168,31,549,523,357,90,685,703,591,356,61,149,455,482,721,462,452,618,179,362,433,351,572,525,469,397,199,99,443,156,42,191,194,705,439,368,654,385,689,619,53,169,318,228,50,593,180,102,687,369,717,309,43,405,612,642,79,677,650,503,166,715,415,479,336,38,177,630,595,430,647,682,700,96,670,121,240,109,432
654,318,296,546,665,101,353,534,634,486,622,250,545,297,12,681,161,693,395,234,99,522,652,485,102,590,408,596,223,294,363,71,193,637,571,543,26,76,409,32,17,668,440,346,182,48,367,332,640,487,175,19,210,130,726,206,252,672,710,629,558,598,609,428,564,31,128,5,126,28,56,684,127,394,69,14,444,187,639,431,683,664,173,54,385,592,470,466,343,190,35,702,642,500,373,72,142,271,259,180,93,471,13,157,284,80,537,315,144,107,549,123,699,342,3,589,265,529,437,521,149,60,57,61,216,548,653,219,150,313,724
154,27,383,528,685,118,489,306,475,474,179,640,144,28,412,623,157,462,672,183,346,518,724,480,158,44,501,604,398,170,705,280,216,506,532,361,669,576,569,388,152,657,324,686,133,56,468,54,342,540,534,49,389,624,83,36,130,34,10,374,445,226,722,579,92,105,69,375,466,438,318,181,129,645,409,556,553,197,247,159,391,223,527,612,702,395,195,662,548,704,620,605,551,684,73,405,660,90,214,12,465,709,174,661,393,212,253,341,721,603,265,639,60,496,426,364,349,5,333,300,513,602,677,416,290,470,626,723,428,439,94
123,473,165,75,387,544,82,7,532,563,266,584,494,87,431,118,416,488,226,403,23,454,469,648,581,504,429,305,575,672,158,461,170,232,483,511,586,478,413,309,564,458,612,708,512,557,376,646,475,310,188,240,228,382,617,164,543,27,554,578,33,59,168,430,314,666,200,29,172,691,321,43,516,251,36,17,145,501,464,360,22,665,681,364,265,653,698,261,42,144,244,117,527,484,303,358,327,565,436,336,611,301,439,57,109,493,368,497,447,482,365,71,161,594,195,562,329,295,203,5,599,626,657,175,726,716,369,709,122,398,254
207,588,79,503,54,562,262,500,84,674,627,712,88,250,662,178,173,460,414,573,195,702,433,234,445,423,194,236,369,492,133,203,584,673,53,535,190,193,80,402,653,553,3,618,514,232,581,335,322,502,596,641,179,480,248,384,409,474,520,109,431,617,529,94,252,60,111,66,276,253,284,348,293,547,377,138,359,580,131,73,14,461,121,413,628,633,23,167,610,139,417,247,487,472,67,175,690,350,275,158,58,452,532,42,724,34,448,543,420,723,548,317,616,590,700,299,606,688,475,340,365,71,266,613,356,572,105,258,385,320,640
438,414,170,281,118,153,568,632,173,3,454,369,440,273,163,321,193,697,654,686,131,51,54,598,720,579,548,563,154,61,588,302,361,472,373,315,262,73,203,668,363,71,662,72,577,252,453,554,243,587,637,715,722,296,50,514,716,346,478,614,57,382,342,489,502,288,549,499,1,667,257,596,595,481,186,234,396,446,328,280,108,348,115,93,109,263,651,240,181,558,179,4,673,566,294,165,350,679,197,606,125,726,322,9,349,486,192,458,56,609,490,580,137,17,570,301,521,182,533,604,107,700,509,318,591,307,48,399,171,146,384
668,667,9,491,443,416,622,582,647,654,16,31,597,168,714,282,415,196,605,523,612,495,389,243,349,553,229,368,588,716,37,584,8,150,13,134,209,278,249,77,501,422,61,463,378,3,641,218,181,631,586,692,356,29,302,158,530,619,500,393,91,128,483,79,309,187,507,486,299,56,488,301,47,701,68,80,361,539,437,39,113,570,174,131,45,233,429,51,78,306,46,423,377,341,527,623,624,625,303,395,260,397,15,569,554,0,476,232,679,71,385,703,363,274,559,36,50,335,699,477,318,329,646,161,352,506,96,369,226,323,53
652,312,7,527,291,115,371,54,135,587,31,279,232,362,548,18,622,306,557,697,388,674,710,650,400,639,458,325,726,678,131,300,195,360,355,642,512,290,424,98,461,146,230,391,714,337,307,253,601,447,21,66,235,708,215,162,50,86,722,381,110,191,613,60,657,79,23,422,240,69,571,444,508,267,114,17,555,104,201,583,638,645,663,387,271,76,333,617,116,711,239,246,459,698,494,331,709,206,443,55,664,129,445,260,145,373,144,578,292,649,522,566,414,209,503,413,689,265,672,163,402,552,101,147,530,229,280,227,654,62,59
711,429,408,671,512,719,32,101,134,434,313,50,227,432,321,288,448,629,552,440,20,622,222,166,682,212,72,33,628,147,623,278,328,256,536,612,352,725,717,558,142,590,703,404,695,497,433,584,403,450,366,424,331,574,232,324,550,402,42,23,496,475,173,38,459,247,34,487,606,174,78,246,107,555,162,672,218,698,380,625,164,49,528,479,663,144,476,73,249,507,102,59,177,175,137,649,241,79,474,40,119,96,75,62,103,490,451,631,609,613,597,215,109,205,113,687,381,168,542,281,673,193,513,710,213,446,615,546,456,478,596
559,306,673,457,0,352,2,267,538,261,107,624,417,420,308,441,79,304,165,723,144,115,67,384,648,274,189,246,45,350,260,442,407,531,65,269,699,696,254,663,9,298,232,310,247,18,210,178,194,8,123,268,271,481,114,359,84,599,565,412,331,106,406,419,434,431,605,48,365,341,722,514,615,718,445,554,588,524,50,617,447,122,511,585,161,396,78,693,117,143,273,726,311,619,544,248,97,697,436,343,218,389,68,443,120,678,475,499,334,629,146,587,41,17,543,491,721,446,266,152,135,401,711,62,645,375,586,471,556,382,486
15,581,303,156,519,681,273,179,622,208,518,634,135,75,201,94,480,336,329,449,351,125,374,164,97,700,551,34,535,676,576,266,90,372,617,614,313,583,375,139,469,86,661,302,270,471,442,67,93,526,367,501,452,362,415,660,160,381,638,235,45,223,389,36,577,99,51,210,606,346,503,419,13,683,431,10,79,287,385,28,232,438,446,191,534,602,33,525,193,350,422,409,555,483,186,530,78,696,108,41,229,592,0,56,421,324,584,280,688,641,341,587,64,547,174,623,495,461,462,435,396,453,240,472,285,567,725,143,136,31,361
249,41,13,155,636,92,653,409,110,463,176,612,727,619,500,35,96,59,558,685,171,251,688,393,343,77,559,430,122,209,488,384,614,616,512,364,475,526,443,605,604,342,507,639,340,346,562,359,710,647,67,223,142,303,135,79,318,335,75,447,140,464,389,519,530,572,64,425,714,241,160,557,711,652,162,240,701,721,405,258,158,462,314,457,416,689,49,400,46,387,71,88,25,413,442,560,84,189,641,20,392,691,170,451,148,326,625,717,113,494,724,408,376,485,539,468,466,40,252,542,93,454,676,203,480,456,182,305,315,501,278
640,510,316,168,276,56,428,329,75,315,424,113,453,717,710,246,353,226,551,68,574,562,466,111,696,326,201,520,660,298,129,575,286,67,197,364,306,532,426,210,304,47,434,584,530,658,590,209,400,671,18,630,10,190,337,275,518,37,95,522,4,418,405,24,38,62,85,102,340,554,282,480,547,583,549,69,274,427,406,126,619,545,654,177,134,607,174,161,580,644,623,399,110,504,330,719,94,682,618,389,236,374,721,655,64,248,120,585,614,691,527,368,516,502,12,727,713,247,438,356,231,392,524,198,535,394,468,60,555,486,576
629,706,475,597,674,256,274,107,532,298,389,439,492,716,463,437,24,253,278,177,694,248,433,125,416,611,529,643,454,351,695,364,453,55,316,114,411,81,299,634,238,495,207,359,171,165,14,272,622,15,194,465,327,338,659,282,388,104,10,329,279,476,719,331,722,424,34,408,367,726,60,631,633,683,317,262,404,13,296,312,26,569,608,457,533,89,384,699,609,392,673,369,116,35,391,462,550,511,678,164,655,154,483,145,607,334,448,224,365,693,87,571,635,455,202,275,587,413,482,94,184,173,420,461,270,342,188,590,375,308,721
589,148,566,436,301,315,605,81,365,662,203,176,492,51,452,521,595,41,713,543,159,676,366,300,27,402,484,178,651,415,284,372,129,724,62,93,40,653,625,349,172,648,272,339,45,84,429,370,587,431,582,561,535,267,190,547,142,381,335,235,615,560,698,488,97,650,627,177,352,609,584,290,503,446,281,17,393,289,411,590,345,598,77,597,392,687,688,52,197,635,208,333,577,670,407,681,449,610,114,76,121,712,633,198,563,608,515,519,549,20,701,189,531,342,434,593,298,424,261,107,471,168,626,100,706,373,406,268,325,553,221
14,444,662,713,604,717,177,254,107,331,599,458,434,20,506,275,442,547,367,542,629,696,570,528,348,561,257,217,426,568,54,75,687,210,37,133,155,473,573,126,95,595,292,476,479,176,562,34,143,7,227,241,19,597,651,627,414,534,369,512,0,71,261,618,249,119,670,161,677,469,419,676,647,111,49,318,322,536,555,52,73,516,344,400,475,678,290,472,533,659,93,141,266,46,694,23,649,374,452,565,498,626,199,576,79,672,150,157,312,417,605,667,503,655,477,407,25,170,669,548,438,188,511,233,258,644,282,202,264,726,558
232,376,547,85,705,133,229,506,636,25,424,220,589,427,664,172,95,431,231,411,81,254,202,392,478,236,53,514,521,471,178,698,105,508,206,176,549,274,114,187,536,305,631,593,361,701,115,162,52,617,221,142,141,700,271,710,401,426,482,628,665,331,677,504,368,378,48,3,618,230,122,41,571,637,659,388,500,298,530,432,18,121,320,239,448,708,212,62,276,9,59,451,466,194,694,634,10,66,190,499,517,554,310,281,68,241,58,143,8,111,387,510,653,332,282,586,563,624,83,213,682,672,533,362,585,60,605,542,391,445,455
192,140,219,620,722,128,656,633,108,448,346,533,615,380,74,0,425,490,647,421,702,261,547,726,571,665,51,542,1,311,578,350,582,471,127,440,398,61,616,12,378,407,169,11,134,583,211,318,174,443,105,651,364,76,545,510,320,373,628,204,96,467,466,450,716,181,405,284,621,555,414,257,692,167,290,324,107,117,248,512,214,176,241,170,160,80,452,334,417,314,509,589,480,460,619,142,371,721,587,24,453,526,500,267,693,298,660,151,277,523,546,34,612,7,168,286,40,406,141,75,678,699,201,196,704,697,242,558,413,682,457
667,338,248,50,447,468,132,354,350,276,181,694,187,629,463,356,580,609,703,102,371,155,275,314,138,115,634,517,438,574,498,280,497,686,395,373,542,230,393,71,20,242,257,72,273,619,263,683,107,193,98,197,186,660,427,68,322,179,333,599,573,228,247,348,408,701,665,244,540,649,170,281,553,6,697,89,375,8,513,462,680,76,548,366,416,240,307,258,561,166,40,339,434,269,467,70,602,671,495,414,489,708,594,234,502,515,128,387,655,156,162,235,267,584,271,23,558,593,331,636,38,11,75,226,637,432,164,199,57,51,131
22,421,359,9,333,534,473,347,375,112,137,668,288,405,398,611,504,709,164,191,114,280,528,495,699,700,236,129,431,411,249,21,107,543,711,316,84,247,540,667,161,490,555,62,351,480,672,43,497,430,199,5,286,197,276,659,520,491,363,510,230,679,227,82,207,620,190,595,607,582,687,169,704,42,1,76,404,281,91,269,147,690,686,341,206,710,524,176,557,588,552,652,506,493,243,399,345,677,138,259,248,380,277,151,170,80,647,111,403,408,602,358,24,727,64,581,479,13,627,429,415,589,171,407,542,45,317,251,655,235,416
520,618,22,570,118,485,212,513,211,336,586,370,331,226,333,524,90,642,702,114,451,57,273,271,373,560,614,218,446,350,62,81,153,151,381,551,181,512,361,149,420,208,707,221,308,698,125,496,116,454,39,86,480,425,175,143,43,210,171,130,240,564,546,634,355,709,645,441,662,298,264,368,133,476,340,648,109,440,561,705,233,436,632,590,545,574,246,177,664,317,669,437,603,137,129,431,146,75,26,41,474,636,493,508,371,372,716,321,348,726,261,622,637,633,202,499,198,37,193,294,227,466,652,74,569,417,330,579,584,346,389
4,137,653,32,674,441,144,100,377,72,684,182,718,197,123,227,83,41,487,621,725,624,476,546,484,509,470,601,493,290,505,45,157,545,551,86,577,200,298,29,9,677,430,721,614,228,565,30,212,101,500,154,708,454,657,311,306,536,678,286,305,686,275,230,189,81,627,417,264,590,315,87,103,458,567,17,26,237,547,442,50,210,326,47,563,559,114,46,274,581,167,695,365,218,707,668,287,722,522,204,173,136,332,371,148,630,604,40,660,451,508,188,393,558,685,662,526,57,66,307,478,216,276,447,104,605,663,88,272,609,261
314,633,562,489,528,426,502,275,431,189,495,646,141,690,425,238,610,387,496,642,311,423,539,694,215,441,375,526,473,620,715,506,19,497,410,575,237,349,228,195,440,663,264,295,608,316,171,510,214,447,355,334,617,126,106,216,504,645,154,444,27,722,246,704,543,353,172,162,201,143,22,657,169,587,466,551,125,377,566,217,299,482,479,557,580,516,522,262,294,712,318,100,248,263,450,399,58,593,535,65,416,146,408,354,30,350,185,637,345,331,51,153,565,428,686,212,296,128,684,236,329,80,84,208,508,37,705,623,648,487,197
464,397,448,417,622,684,584,716,433,193,616,198,248,155,239,430,192,406,429,602,705,214,483,625,184,342,679,655,85,370,703,95,6,133,677,581,511,71,43,97,638,52,565,170,697,471,343,368,403,727,51,728,548,648,721,21,199,42,113,574,539,585,212,336,424,422,172,495,394,12,99,121,301,359,145,533,141,409,561,640,520,249,491,308,57,384,312,335,266,223,337,84,134,477,326,428,656,431,590,295,525,375,385,408,678,319,474,402,202,115,151,92,131,723,543,473,615,696,169,552,489,279,274,179,569,148,627,86,395,455,147
639,65,397,74,440,548,84,119,420,18,89,583,332,438,136,683,559,246,281,169,134,34,37,443,421,55,551,707,13,232,182,538,383,213,95,523,650,553,244,107,131,50,566,580,306,325,106,137,215,608,386,335,123,517,680,604,331,533,124,609,26,508,688,393,674,316,172,161,574,216,188,699,14,345,341,214,290,409,459,514,279,192,334,59,127,156,204,485,359,132,311,714,196,445,154,717,424,360,298,90,498,530,458,662,539,111,648,227,353,605,647,592,125,558,561,75,170,296,30,313,651,696,616,19,389,624,521,455,677,186,29
36,147,417,230,87,675,545,459,436,641,168,587,285,301,630,3,471,21,601,494,613,269,19,344,276,373,265,94,346,141,579,190,95,207,534,665,225,289,324,371,11,316,117,267,4,234,292,247,75,640,235,541,226,508,618,442,201,412,327,483,214,314,66,163,159,253,106,477,567,599,257,261,232,364,121,466,558,195,319,553,695,311,26,58,204,138,473,409,689,115,427,294,423,277,1,629,299,263,535,308,268,169,146,497,489,446,687,420,143,468,589,2,332,357,631,543,271,262,69,500,484,42,175,715,144,259,528,93,655,517,539
308,148,549,373,430,561,617,615,235,599,375,687,267,324,126,718,519,494,653,460,529,548,483,317,291,533,486,258,87,300,250,212,280,124,63,664,646,293,493,495,542,8,707,581,253,349,286,381,700,671,190,337,315,80,274,73,165,353,558,213,719,424,380,231,547,361,472,52,721,254,710,415,47,427,715,58,725,325,680,199,239,423,429,93,292,311,33,621,447,669,668,722,466,665,600,203,4,592,639,662,619,318,613,605,554,590,475,106,484,716,184,227,488,567,419,684,609,582,463,414,262,492,16,9,691,297,362,560,405,706,598
103,320,630,143,346,481,708,163,384,182,99,48,351,367,519,361,617,41,318,631,50,382,539,642,280,303,489,580,214,536,135,34,456,476,314,609,349,60,66,98,461,726,398,33,608,543,140,418,618,693,561,520,565,555,273,604,193,661,253,104,9,158,226,658,397,441,625,422,377,486,8,376,354,714,223,162,556,386,645,568,195,125,88,689,442,105,330,571,537,338,727,507,138,21,534,573,496,190,148,131,530,528,362,722,401,141,122,192,540,681,700,120,450,706,187,620,388,417,554,674,235,282,647,38,37,577,691,219,460,310,602
431,577,282,338,371,688,46,457,60,608,28,531,461,285,591,534,664,335,376,463,713,392,437,386,334,368,495,176,228,421,88,536,428,217,274,57,48,705,588,11,1,388,27,675,220,254,210,22,670,82,524,519,480,458,696,395,301,248,502,203,492,286,72,174,61,107,662,674,337,578,526,483,442,349,347,266,221,583,137,606,330,491,131,647,494,414,15,611,447,446,31,615,378,393,260,711,523,309,263,551,355,635,444,2,438,312,75,201,353,547,250,168,501,81,449,99,468,44,180,304,121,0,151,357,310,680,40,104,587,445,575
331,641,72,713,673,158,314,609,636,489,112,366,282,108,620,176,285,445,708,233,195,524,501,100,251,539,705,578,724,305,725,273,226,209,353,534,703,47,448,65,374,423,496,517,472,152,473,61,707,264,559,470,630,301,321,231,322,605,197,710,424,390,131,323,167,649,221,123,359,582,608,110,627,377,287,468,224,218,148,87,115,128,332,686,417,236,544,284,393,497,507,625,660,292,396,242,481,512,130,217,333,443,281,53,290,77,436,574,618,648,194,39,145,628,623,44,127,346,427,704,159,265,330,403,347,193,685,13,29,662,675
289,435,395,374,678,15,725,700,393,640,92,661,469,291,370,352,397,64,404,637,174,216,43,481,272,701,222,398,218,584,679,488,636,491,127,263,473,684,419,241,699,262,638,72,275,629,296,693,681,503,720,76,47,544,362,543,454,160,515,649,304,293,600,576,269,555,449,683,666,573,278,83,692,626,704,536,497,213,42,630,108,542,51,239,457,668,670,100,714,427,41,228,124,513,369,214,102,156,673,297,45,201,659,253,682,439,470,424,77,410,549,315,516,212,245,579,105,303,358,599,519,654,558,252,295,656,507,195,718,10,667
638,167,178,1,191,480,455,444,490,27,461,266,255,224,401,407,223,189,237,102,231,649,327,33,562,239,599,356,517,343,726,283,380,247,147,309,452,643,443,24,308,475,6,651,272,128,424,674,546,697,151,425,676,345,81,586,477,359,36,230,26,385,418,428,174,616,144,360,59,177,512,362,260,279,590,434,267,63,198,179,0,368,270,555,366,312,11,508,495,716,611,96,23,41,598,64,87,498,541,355,243,607,217,150,7,205,435,115,432,634,298,4,653,229,142,398,2,509,321,553,626,120,104,12,660,278,281,412,620,636,39
46,563,659,320,621,430,78,498,5,300,176,159,524,635,512,700,147,277,151,178,466,107,126,368,85,228,146,262,462,184,721,714,170,493,59,289,79,293,518,704,23,220,532,662,516,487,8,253,367,55,314,84,149,61,97,181,108,539,255,663,239,257,265,138,467,129,105,399,125,497,646,183,695,658,591,27,364,434,142,573,506,344,519,544,654,251,182,359,583,72,354,31,309,565,527,379,307,199,133,283,350,448,0,121,691,54,127,154,286,623,22,372,280,18,69,410,502,547,413,245,586,417,643,604,716,75,12,587,450,339,16
352,101,288,724,410,674,223,242,425,176,80,107,196,613,78,109,113,272,140,636,360,416,155,495,329,394,662,363,232,667,338,201,393,577,53,561,245,521,399,558,134,429,52,618,62,486,217,278,701,610,446,5,34,256,41,547,186,20,284,324,585,532,510,325,424,319,68,412,323,112,457,488,164,230,554,368,454,477,83,103,583,192,48,336,251,462,46,190,333,596,666,689,277,37,631,658,276,463,10,675,335,574,600,295,74,496,709,643,282,296,418,507,445,473,557,172,350,367,516,170,706,209,370,559,575,100,29,695,266,440,328
370,402,662,143,530,300,438,508,301,668,293,464,129,253,501,28,68,714,299,305,219,529,556,535,260,186,334,553,225,406,543,463,198,319,153,720,294,355,645,145,189,459,390,335,568,494,562,572,524,589,440,348,630,407,296,343,371,336,218,704,528,564,356,340,303,709,118,396,475,342,727,659,275,86,349,359,100,114,112,375,98,63,466,291,545,337,213,254,384,496,297,664,672,421,216,323,628,257,378,27,597,473,512,55,168,361,152,540,676,486,49,147,387,601,245,87,721,358,586,585,224,31,605,101,688,41,71,728,403,443,9
480,290,530,623,280,131,448,227,6,347,167,350,707,191,605,412,11,153,51,526,177,376,686,680,715,46,150,378,259,199,302,82,201,456,654,518,472,315,279,25,669,394,14,272,225,124,285,383,400,219,369,108,713,629,523,647,278,165,620,415,55,211,237,441,72,635,663,294,176,62,254,348,395,656,12,84,414,555,261,696,393,45,399,407,494,607,704,534,566,173,210,105,182,189,155,160,47,265,126,592,65,342,588,270,547,274,52,314,319,271,355,585,112,507,670,649,8,269,531,499,708,548,551,683,138,277,116,490,532,711,200
342,688,525,532,61,634,588,571,327,664,504,207,458,241,272,202,105,246,39,226,299,121,603,184,70,375,533,691,203,47,58,659,703,213,2,722,237,487,469,227,363,486,495,470,548,461,696,434,302,283,186,41,136,721,600,330,667,126,473,304,205,479,262,534,233,13,394,277,577,726,115,162,639,170,142,251,76,94,542,16,475,298,63,616,72,123,591,319,594,527,712,609,378,339,693,358,396,654,318,502,424,188,102,589,313,54,652,183,426,445,101,238,261,702,698,311,491,567,484,152,402,651,351,314,666,30,518,366,379,478,128
515,569,704,148,588,458,314,226,383,486,506,493,20,353,216,522,418,228,478,217,107,589,719,361,619,466,536,567,51,265,245,420,371,500,660,35,221,70,203,690,225,400,603,18,625,679,385,644,651,689,678,178,422,465,155,282,627,389,476,403,519,551,434,200,681,444,229,124,6,461,288,123,34,180,382,160,93,669,483,601,558,572,320,566,132,573,147,600,193,673,645,19,300,47,90,514,394,80,338,622,521,632,242,373,442,3,561,30,237,144,563,682,199,284,539,578,179,196,332,560,487,336,48,480,585,184,672,100,616,642,135
568,433,343,323,296,690,24,636,478,491,49,527,379,87,108,722,41,285,699,427,528,192,596,458,552,653,2,308,307,338,539,25,139,424,184,498,6,315,149,357,561,163,111,671,655,293,52,160,271,584,177,708,582,265,635,694,74,393,3,257,22,279,525,728,287,565,459,522,13,260,590,360,65,676,284,698,677,696,186,464,683,310,497,179,81,126,254,545,421,373,185,167,489,370,304,5,204,556,558,710,90,675,37,374,516,225,505,468,353,562,116,230,127,425,327,593,59,206,346,78,107,577,250,64,540,340,4,386,369,150,410
38,529,679,115,517,306,78,432,317,550,596,447,326,349,34,640,725,156,4,509,728,357,277,276,231,304,125,310,165,81,546,436,573,638,402,168,134,166,161,271,539,223,619,658,66,298,504,681,48,485,527,287,27,37,473,448,466,713,637,261,411,92,365,152,346,31,537,332,33,366,486,164,543,163,394,242,356,105,717,308,254,704,222,598,51,142,454,80,173,416,609,102,442,177,123,452,582,564,60,519,661,246,423,57,140,278,636,49,439,215,267,514,133,113,397,315,428,247,137,313,263,299,353,711,122,21,235,389,460,705,352
248,175,619,586,601,155,357,126,570,535,32,684,265,373,313,426,596,200,249,328,121,557,280,362,94,360,63,599,449,93,559,185,615,381,19,686,683,522,722,316,691,66,258,529,69,701,300,140,680,352,594,693,524,514,351,431,644,114,414,393,376,219,103,555,398,232,727,408,533,568,483,698,474,488,460,508,368,465,630,290,179,385,266,332,696,566,148,242,74,550,163,207,534,129,422,218,204,81,133,705,322,439,122,17,530,627,141,609,86,84,120,725,67,430,719,547,450,237,209,335,92,364,70,273,459,516,152,544,220,617,468
60,303,279,158,362,224,418,82,255,608,568,317,667,399,95,513,16,208,194,651,302,321,159,259,441,374,554,157,548,723,465,198,221,511,261,448,653,284,634,613,92,167,497,20,202,266,559,10,356,283,398,149,173,19,725,230,52,253,63,702,663,347,17,458,635,193,316,241,118,478,577,162,110,585,625,206,425,474,489,189,703,675,535,444,382,564,544,419,348,329,504,512,129,83,727,691,102,107,282,572,678,176,424,705,153,339,660,124,546,376,628,411,212,80,537,636,707,722,609,631,536,416,352,539,391,501,618,244,170,687,35
418,319,287,322,537,88,599,655,401,727,210,596,486,66,331,124,432,436,595,606,4,313,364,534,468,471,574,21,38,522,542,103,343,493,153,246,621,216,236,126,128,538,712,111,415,680,637,517,261,703,193,485,400,625,628,627,41,577,91,166,692,385,443,179,58,254,600,610,220,695,267,169,681,661,172,26,696,511,688,491,710,619,113,676,12,299,689,392,120,74,475,414,559,357,573,706,713,18,78,677,174,152,149,545,204,47,679,521,651,160,147,351,148,506,504,421,519,592,605,645,96,8,398,280,636,69,360,150,225,372,438
125,592,318,679,89,72,675,356,487,295,501,225,0,76,263,258,334,693,227,434,616,192,622,315,349,528,136,727,126,642,443,166,109,455,607,3,103,497,683,552,321,423,201,193,377,632,725,108,269,624,452,482,297,135,48,215,468,551,209,430,499,643,286,674,203,357,404,256,311,306,651,676,152,309,522,565,228,7,559,620,156,538,382,711,570,556,608,496,11,362,282,363,270,95,112,526,101,451,231,211,190,511,170,237,688,162,251,428,186,575,584,123,667,564,262,427,656,601,252,168,549,261,331,396,481,491,285,388,368,653,689
475,322,369,74,136,672,501,478,630,629,362,365,231,547,637,481,14,385,508,156,398,564,679,355,573,628,569,430,570,223,428,457,116,194,662,676,349,356,84,243,11,644,99,500,544,341,195,572,262,674,37,709,303,401,180,342,376,64,7,668,567,273,555,704,265,330,52,122,118,451,304,299,161,110,49,163,67,381,613,153,323,201,85,526,395,652,270,626,332,467,612,68,515,575,371,671,426,174,695,641,715,375,73,48,589,435,176,370,542,404,691,554,537,484,321,548,140,689,247,38,545,268,311,532,124,596,350,62,503,4,326
389,321,446,295,30,131,713,391,463,403,517,266,679,629,199,590,270,388,600,218,557,656,133,605,262,299,521,169,333,544,567,239,178,268,537,608,134,87,148,529,652,469,172,508,117,665,636,395,695,243,292,721,431,382,346,298,77,397,53,433,18,370,696,56,249,601,692,549,515,63,4,35,485,181,277,486,530,472,409,658,269,540,51,287,659,226,67,275,664,546,408,105,528,641,411,693,498,201,368,145,320,323,705,520,202,55,489,381,445,612,349,98,72,726,173,394,350,104,165,717,525,547,548,265,499,232,242,432,690,213,474
57,413,116,535,130,322,431,382,160,323,53,62,647,550,154,52,442,61,277,151,437,281,606,32,269,88,575,204,614,180,282,645,320,510,374,40,605,537,444,43,10,265,515,316,278,724,272,75,531,673,331,449,263,321,661,685,671,44,714,245,237,49,13,80,350,78,256,539,346,619,557,503,580,315,509,306,568,353,432,430,389,358,512,682,139,165,438,250,38,203,221,372,348,9,211,288,124,425,461,244,663,182,54,653,675,29,516,385,275,1,157,8,693,187,440,132,159,704,524,620,468,270,326,178,143,433,574,678,584,728,145
288,421,684,702,515,486,599,369,92,463,81,384,520,578,191,284,517,536,99,686,453,395,276,103,603,356,605,131,471,464,308,651,254,562,125,353,601,77,708,419,134,567,55,53,306,431,590,104,531,231,132,207,564,547,60,554,495,321,65,545,212,214,433,700,50,473,169,193,78,165,647,38,233,538,340,707,491,694,188,1,436,42,407,167,59,248,159,69,64,172,561,430,7,156,726,192,119,619,537,720,58,40,426,595,570,114,485,154,217,303,670,413,701,5,234,386,341,551,363,679,138,144,345,344,528,385,717,9,510,97,469
