292,16,219,247,295,7,105,236,416,251,421,142,334,415,82,17,266,250,167,38,127,381,184,22,215,440,71,308,181,195,478,145,423,345,134,233,89,351,155,338,185,68,467,393,477,122,225,314,192,479,298,2,120,461,99,464,274,187,395,457,160,341,281,230,223,240,33,490,299,166,432,256,80,114,211,443,18,501,254,154,418,310,336,36,273,41,76,196,290,191,307,494,57,397,444,49,226,85,97,178
221,496,212,228,125,348,140,73,316,267,91,442,61,136,233,154,84,338,332,482,420,89,398,90,245,395,177,167,222,114,2,278,364,22,169,459,163,124,40,134,229,207,298,81,199,445,253,344,123,376,268,139,266,247,308,255,32,85,250,345,236,205,69,215,277,299,178,275,198,444,359,486,286,225,50,500,424,18,1,224,274,33,25,179,47,77,55,311,232,409,248,71,234,223,396,256,499,175,371,132
459,403,357,234,216,168,332,266,465,267,78,378,121,165,316,16,351,100,329,463,301,294,424,321,245,12,413,59,151,222,435,439,126,367,148,455,45,23,305,281,392,54,418,146,83,343,244,72,184,304,205,402,98,179,93,40,302,99,218,106,49,350,157,237,380,384,355,423,493,369,498,229,340,438,284,443,136,464,186,475,479,400,422,3,107,217,312,209,195,333,102,35,395,432,408,466,28,178,130,454
233,217,388,99,321,383,144,238,355,150,259,255,492,464,134,207,226,327,174,178,371,141,247,463,228,436,244,300,245,42,353,276,368,187,410,369,487,406,86,308,212,470,288,33,304,433,375,428,156,8,302,167,333,164,37,379,203,312,191,496,310,95,123,489,157,48,284,404,418,27,112,291,381,448,215,98,431,292,224,411,303,453,200,103,173,294,97,267,414,460,391,394,451,24,336,354,296,25,18,289
187,440,478,203,166,307,326,87,395,80,60,310,404,442,176,84,15,370,471,274,261,412,178,45,499,224,295,451,480,30,74,443,227,361,241,312,231,369,226,309,89,181,421,216,460,422,175,286,262,234,198,99,49,221,328,78,21,501,95,327,324,97,291,219,406,184,455,192,25,463,26,487,159,114,434,296,90,51,325,289,437,444,154,446,202,306,390,439,39,488,388,475,251,83,86,207,385,239,397,168
449,19,88,426,450,90,297,361,215,78,262,328,455,356,200,48,203,416,60,120,54,216,369,327,159,370,148,273,332,434,456,50,176,499,464,267,317,243,311,125,272,476,6,340,80,346,197,355,117,49,261,326,390,242,51,295,204,298,111,147,181,35,96,318,285,271,13,38,446,415,16,8,334,428,220,173,469,91,372,24,183,166,320,465,403,87,9,105,65,461,103,126,411,472,314,279,299,304,214,282
389,15,64,2,63,14,429,28,351,394,392,91,498,354,197,34,7,338,222,378,485,93,319,215,461,24,282,86,27,359,192,296,235,233,171,95,17,204,321,470,250,363,365,186,340,36,71,135,129,90,46,463,6,78,142,40,268,157,72,492,53,274,61,147,361,316,413,468,414,1,294,132,325,385,264,218,260,74,460,30,324,495,311,423,330,108,441,486,109,75,156,353,214,77,13,191,428,342,478,59
244,153,237,435,500,89,462,320,72,14,206,311,78,231,336,460,358,422,418,395,91,173,259,342,240,79,22,250,302,199,85,478,359,140,108,253,266,180,334,288,393,437,284,194,76,456,328,162,378,455,66,28,234,27,344,171,270,267,24,459,312,397,402,41,357,369,18,65,17,5,187,222,113,337,502,427,289,338,370,46,52,34,432,413,233,219,159,90,383,64,391,322,204,278,438,276,98,348,381,123
368,79,429,195,111,441,263,306,250,351,424,418,339,197,403,97,34,274,373,383,501,437,310,302,275,66,36,336,202,233,45,481,107,6,232,91,340,87,187,196,323,106,126,170,153,301,132,482,30,248,213,182,174,2,166,345,150,256,397,357,457,24,208,365,145,235,465,422,59,500,214,219,47,61,236,82,405,37,419,193,272,41,3,266,370,281,133,292,247,43,215,434,385,440,244,113,201,11,227,234
324,290,364,252,356,214,152,287,336,79,230,85,116,241,255,293,239,206,154,383,282,465,229,306,388,11,256,278,188,323,360,417,237,155,94,120,114,191,308,82,271,399,426,13,277,289,409,460,438,16,29,84,215,389,157,451,393,100,14,86,486,160,21,258,125,18,8,72,347,250,232,394,180,477,450,473,348,182,132,436,493,130,440,435,334,351,340,122,58,263,365,242,397,392,151,179,163,482,218,398
442,357,168,305,419,150,219,28,54,246,340,370,366,184,248,371,223,241,182,35,80,297,97,281,387,164,147,101,2,373,299,496,491,392,21,390,375,87,82,407,247,489,201,61,199,127,404,103,294,435,39,251,418,448,27,479,429,131,250,42,398,380,337,313,356,44,125,331,89,86,230,207,360,286,480,351,216,358,117,222,211,428,118,470,359,461,493,364,66,386,475,410,292,336,378,26,473,350,267,450
407,95,96,40,368,201,326,349,276,1,309,257,470,116,404,460,353,365,461,290,446,474,167,161,440,251,453,490,298,473,320,89,409,410,240,124,192,204,237,260,54,215,308,264,372,47,126,30,55,370,33,138,456,142,498,358,174,387,146,273,188,418,69,179,394,483,496,405,433,416,65,447,36,7,386,438,230,331,60,206,314,316,11,83,305,478,208,123,243,236,452,87,499,175,332,336,137,393,79,436
443,453,29,226,359,376,421,266,459,21,337,27,17,224,455,447,271,210,281,274,158,380,308,295,348,184,149,303,69,237,370,170,182,35,501,133,361,450,476,334,178,498,286,52,129,320,192,160,473,219,207,85,140,59,76,284,316,86,433,1,227,388,411,390,477,220,136,81,488,96,478,327,343,65,25,491,439,299,445,289,483,484,77,30,294,151,180,236,441,186,157,131,36,101,463,181,469,331,410,378
288,126,226,400,277,348,121,293,318,136,284,344,148,25,432,257,220,336,369,173,239,307,356,28,191,171,244,251,144,424,274,249,0,478,128,456,298,297,331,240,93,418,423,420,407,117,198,223,164,497,140,54,174,57,46,451,437,131,455,120,90,279,453,391,89,393,2,487,283,147,327,82,175,495,98,303,368,355,62,85,161,4,450,243,96,229,479,304,397,245,290,68,8,285,150,260,91,266,302,53
77,254,320,409,383,495,496,159,485,295,153,24,199,488,85,73,192,334,333,438,4,245,221,452,208,311,291,323,436,327,8,15,441,433,298,84,357,395,141,207,98,302,261,306,364,247,194,121,174,276,114,184,294,435,468,18,444,292,427,482,499,75,6,67,104,139,124,380,38,250,211,373,30,231,189,466,1,500,109,90,315,293,417,483,354,386,178,14,151,79,265,402,309,469,196,45,64,241,39,154
340,487,93,253,396,362,243,149,388,452,28,244,150,23,184,34,40,180,269,218,19,56,434,348,285,469,333,409,451,87,65,22,406,116,343,214,453,25,39,153,445,405,489,211,435,188,170,263,311,312,466,151,197,130,198,7,284,277,0,238,477,446,35,192,426,276,358,181,425,137,342,279,18,465,167,298,339,443,159,164,473,80,176,499,48,380,488,113,161,26,326,156,378,3,455,145,57,381,383,364
185,27,67,293,449,442,15,139,116,181,274,9,311,153,278,475,452,348,194,487,337,365,488,325,420,445,200,319,470,229,433,162,370,3,468,439,339,65,150,97,180,177,321,417,256,456,145,212,356,49,230,73,115,195,492,168,344,346,489,126,300,350,223,10,415,33,117,484,393,358,107,81,25,43,502,190,55,446,95,378,482,306,338,30,328,39,11,211,120,359,34,285,343,222,254,133,57,8,277,52
434,411,100,291,407,319,322,436,39,427,391,468,492,193,330,135,38,166,308,58,153,365,119,123,229,428,65,247,337,400,165,387,150,103,221,27,222,64,466,130,72,385,186,458,462,289,369,399,414,413,146,340,445,499,326,325,261,283,207,104,251,206,363,49,132,25,81,201,276,348,422,50,73,265,371,114,140,113,57,31,454,405,29,355,214,204,335,256,359,16,392,370,431,67,217,156,437,425,216,160
144,224,314,276,220,420,10,488,311,111,475,83,341,429,371,106,36,16,500,73,481,494,139,385,164,128,268,306,176,335,434,25,346,389,279,71,469,295,487,202,477,248,216,292,201,345,225,183,212,165,472,287,426,116,162,275,458,21,11,386,355,461,237,86,19,229,443,123,17,243,303,87,39,435,359,330,362,473,53,277,376,331,395,81,447,109,482,190,312,397,82,364,402,24,264,239,489,72,450,343
238,328,36,394,399,331,124,253,51,29,88,332,397,345,87,68,312,120,39,237,20,59,411,48,37,418,358,392,446,433,31,494,245,427,225,484,304,306,298,107,383,391,443,395,54,102,56,327,295,474,363,336,190,84,271,140,162,96,256,276,106,223,457,273,228,420,239,464,279,379,153,451,438,475,0,176,1,133,269,130,53,486,208,210,154,220,467,152,82,459,469,72,57,33,192,324,137,94,123,22
175,426,130,392,221,203,265,32,372,362,134,371,487,405,374,347,502,420,363,497,127,331,4,462,382,149,442,116,434,155,123,9,105,430,89,97,480,61,492,135,240,57,179,476,415,42,299,336,282,361,403,206,351,165,53,483,209,217,436,390,215,302,452,493,432,395,24,494,182,170,1,257,307,428,448,222,277,294,262,25,308,223,465,255,292,80,198,409,39,464,58,71,358,367,341,136,460,473,309,272
407,124,342,48,221,218,453,171,386,109,194,473,34,315,498,60,61,237,249,167,495,405,73,293,20,8,271,353,245,327,133,466,223,376,472,76,67,200,152,402,31,433,292,187,419,425,442,479,235,278,364,191,243,7,290,151,78,259,420,434,410,340,136,89,311,104,445,404,317,471,37,100,47,240,168,164,387,224,175,62,459,360,82,367,499,350,275,17,267,338,373,288,468,45,186,308,307,370,156,291
187,69,395,234,43,453,330,404,151,371,135,235,415,221,421,403,33,46,263,183,250,226,181,207,440,496,80,190,319,117,416,357,22,417,472,432,111,194,402,18,288,49,25,363,105,303,173,251,209,433,367,6,491,215,5,39,384,143,192,14,376,386,116,356,219,223,95,267,301,382,16,439,262,96,400,175,468,211,493,204,331,277,241,93,265,447,45,54,20,114,370,296,0,446,28,388,210,162,292,374
140,349,442,359,234,470,314,341,457,262,170,293,397,32,386,438,273,87,162,247,331,230,231,217,198,315,226,120,413,236,501,142,450,283,78,71,68,15,372,356,180,124,20,6,77,401,406,318,46,326,204,55,480,88,306,460,309,381,250,425,17,48,29,279,494,342,85,125,344,196,171,38,376,388,439,215,61,104,488,353,244,192,307,308,256,182,237,263,221,302,474,403,432,253,319,492,173,281,179,428
323,33,111,71,420,441,151,475,427,67,465,430,462,39,159,167,37,223,70,455,398,232,480,194,259,265,286,32,212,250,120,385,80,278,29,326,457,81,472,215,345,359,204,378,202,445,423,415,129,79,231,157,228,208,393,302,24,200,342,23,193,35,409,336,364,44,12,206,221,280,42,94,466,10,344,196,263,85,402,225,74,354,163,456,306,56,247,436,331,350,460,188,242,269,234,233,459,20,126,271
46,227,395,71,312,101,240,448,228,91,440,152,157,250,139,320,431,255,158,84,423,138,28,214,164,37,490,212,432,56,226,473,411,391,482,355,123,176,113,275,34,287,281,233,55,348,163,100,260,330,149,64,461,413,143,387,424,33,98,362,382,182,402,153,266,213,105,491,23,217,292,403,429,265,329,415,295,104,200,370,335,9,315,409,5,95,388,168,137,259,337,18,47,261,2,209,202,12,19,31
42,51,170,277,141,240,273,291,418,274,34,137,213,203,63,403,309,272,493,88,67,408,355,303,87,324,80,290,397,461,482,311,199,370,427,55,252,443,165,157,47,295,486,194,320,118,187,164,379,440,449,495,420,402,313,32,124,60,292,307,266,263,184,411,258,354,251,6,333,377,255,358,123,342,310,430,219,305,178,115,196,471,262,99,361,267,197,234,30,331,499,243,288,314,353,237,298,337,128,491
53,440,404,266,436,433,149,382,194,219,397,246,491,231,391,359,464,497,218,12,126,139,396,88,347,124,216,62,208,305,264,407,321,356,227,175,421,485,478,182,226,27,158,57,205,451,417,40,496,317,119,247,103,179,85,82,7,136,311,446,97,500,232,163,169,329,141,494,52,5,164,481,238,355,454,165,137,212,17,204,183,237,30,315,316,341,447,460,131,202,334,6,488,148,156,13,429,284,304,228
266,44,192,175,387,304,196,419,141,184,360,482,58,17,446,195,355,231,275,255,97,82,481,369,382,77,241,72,303,461,167,224,112,448,404,182,457,57,43,285,489,385,336,227,101,428,426,137,323,293,206,476,47,92,322,86,413,210,230,135,436,171,94,295,187,391,473,154,53,294,74,283,218,150,157,478,302,40,467,331,458,88,246,25,226,260,297,374,20,417,271,79,366,338,367,183,429,402,13,201
242,89,325,207,142,186,64,150,31,46,387,480,414,491,20,474,326,312,174,86,370,324,136,462,399,169,22,42,214,354,185,401,293,215,392,291,280,473,361,267,452,350,133,95,451,372,273,71,376,190,167,117,307,466,433,498,383,357,431,244,48,492,390,500,313,88,176,304,368,356,292,145,251,223,140,8,196,144,413,345,341,336,205,402,295,377,172,471,299,421,382,38,298,426,416,483,364,26,98,344
317,104,166,378,288,167,447,203,452,185,224,393,305,468,57,38,405,60,388,297,493,423,331,421,99,335,281,436,396,304,257,259,274,10,89,422,433,94,265,171,217,296,374,149,212,130,53,235,479,84,482,50,183,359,186,495,438,134,162,394,364,276,110,7,222,480,356,302,358,88,127,456,165,299,229,491,462,469,253,137,357,221,273,450,271,314,348,285,264,174,280,475,401,128,108,213,398,284,27,37
343,403,472,105,18,492,66,77,236,286,63,481,47,297,146,238,382,416,399,239,88,281,17,418,71,3,113,120,9,298,325,356,423,451,313,207,267,184,367,256,0,357,35,404,130,309,124,426,59,465,80,339,475,362,234,393,209,474,323,55,436,24,434,329,430,159,390,161,268,352,348,277,26,36,258,172,200,237,476,145,494,266,394,448,46,70,133,23,498,11,359,438,400,338,187,226,282,249,468,99
288,39,427,448,207,483,443,75,373,78,156,208,302,388,35,251,55,484,480,334,359,238,203,12,85,387,256,274,219,374,94,255,116,339,310,129,237,390,141,101,132,184,279,494,470,441,188,273,42,352,477,66,114,253,318,479,212,110,432,413,294,213,332,86,47,215,115,205,40,424,127,463,196,239,118,26,257,418,260,414,235,89,421,52,371,254,103,410,88,475,412,137,459,57,93,268,152,315,296,180
257,57,398,81,370,26,459,308,110,71,375,427,70,260,135,115,200,443,213,241,314,332,355,165,493,429,252,184,345,189,469,416,24,1,387,309,487,61,20,285,318,377,466,449,194,250,149,265,216,9,60,436,160,119,224,40,106,31,359,138,366,428,4,29,426,225,233,402,97,103,401,369,433,5,33,95,249,258,379,277,155,140,404,34,120,439,478,440,55,374,193,255,390,458,166,141,293,281,419,41
106,57,200,460,345,266,364,466,181,292,30,494,271,353,483,195,222,227,96,402,70,435,109,310,361,64,421,328,316,409,54,413,224,173,497,307,190,37,0,212,245,323,210,351,130,273,359,379,480,285,332,25,432,490,464,155,289,418,175,291,235,63,220,414,199,492,308,6,399,189,203,84,5,67,443,105,159,87,221,52,367,325,182,38,272,255,160,186,314,102,48,233,411,225,467,90,202,142,479,277
207,357,488,128,199,83,328,145,162,335,53,58,124,256,338,107,418,88,120,85,80,40,226,457,167,208,367,157,254,294,240,230,309,71,375,185,469,293,12,480,263,250,496,500,133,376,220,149,431,310,379,318,435,75,138,479,261,273,380,17,354,306,3,84,143,337,444,20,203,70,429,37,52,155,402,100,98,423,285,175,121,279,206,470,343,105,389,416,228,333,169,490,25,383,223,234,66,369,177,425
138,90,347,93,314,231,459,178,290,304,408,446,429,351,51,479,185,77,137,157,473,69,57,317,474,258,219,287,249,140,248,343,197,186,271,447,496,115,390,196,35,357,399,10,121,378,128,374,36,136,309,131,440,452,53,96,49,98,499,330,370,417,213,34,161,89,364,407,166,460,299,286,420,114,123,174,204,477,427,122,394,270,324,85,482,276,3,418,44,187,4,256,435,497,398,448,359,38,274,395
183,208,120,447,153,129,280,83,20,169,391,217,413,352,134,421,233,35,301,89,247,207,244,185,343,297,370,416,117,251,257,64,476,317,193,3,78,81,474,133,329,353,357,453,292,419,389,135,11,461,367,279,397,296,165,491,19,5,37,113,493,216,82,425,320,99,28,25,65,492,454,423,210,179,394,4,166,267,236,173,187,56,68,334,144,384,202,199,373,305,252,354,440,380,381,95,57,140,264,482
440,349,350,118,64,386,215,205,124,10,53,271,95,158,470,42,123,359,270,474,333,80,421,245,277,31,175,240,336,21,248,496,99,2,143,98,138,457,329,260,439,479,181,255,115,471,113,41,103,310,490,297,428,303,291,461,84,495,473,0,38,346,202,429,326,140,45,134,73,379,484,478,401,352,170,408,409,454,82,262,88,278,294,276,502,389,253,246,340,121,199,172,334,469,69,129,494,190,466,375
75,85,40,270,55,201,204,301,179,12,210,348,32,367,379,290,239,6,190,214,207,294,388,501,203,271,22,158,125,21,117,208,260,309,11,285,59,242,106,256,105,168,293,185,165,113,166,262,45,398,321,351,57,225,28,136,409,135,401,186,280,307,109,223,373,360,175,31,500,76,502,484,275,90,463,423,480,180,74,492,104,448,110,154,347,435,62,248,58,227,19,43,354,240,212,390,87,71,473,462
498,470,85,384,65,120,349,282,389,410,273,369,317,177,451,57,386,344,338,322,220,483,149,132,396,184,399,66,364,238,453,170,324,351,443,54,482,329,280,135,116,218,316,356,295,272,287,123,501,88,375,489,158,502,461,301,68,64,215,73,37,13,20,335,237,447,246,254,185,186,431,165,359,160,174,368,391,11,417,130,432,448,444,101,249,99,427,306,484,469,18,96,147,397,113,233,467,442,284,328
208,165,289,292,173,470,325,396,329,194,2,68,326,447,497,16,481,337,220,72,434,50,188,36,342,91,478,426,412,392,457,98,456,61,113,406,41,429,473,20,243,310,487,312,238,273,242,361,254,235,300,246,145,252,22,388,78,272,405,275,43,288,346,100,149,14,4,414,338,215,486,307,114,343,362,455,465,282,356,15,489,106,432,250,370,77,460,227,328,155,153,268,419,143,152,433,137,115,94,40
392,313,464,208,132,295,157,43,51,229,283,8,369,13,118,349,273,221,25,105,163,343,23,385,281,435,279,383,57,344,480,137,290,83,272,327,338,182,109,391,312,152,143,477,72,261,102,370,86,68,166,185,74,457,302,20,498,425,225,384,254,424,94,352,196,476,50,453,263,28,33,314,153,239,466,416,108,138,223,52,441,40,44,320,136,430,130,496,389,316,414,478,244,264,443,213,251,471,215,440
247,323,464,70,345,212,364,119,305,193,248,321,155,211,269,347,478,107,220,187,263,236,310,382,498,253,9,492,205,287,118,375,174,114,97,484,373,331,459,132,147,453,452,409,357,304,158,85,442,358,255,485,223,177,167,427,308,63,53,429,108,410,252,322,77,222,13,251,343,123,451,271,354,176,416,399,86,81,100,500,71,11,328,84,293,233,275,62,188,430,283,454,149,241,239,278,290,326,258,261
468,131,147,305,477,159,342,50,124,501,225,199,483,29,410,296,330,315,267,32,208,73,455,381,204,177,15,335,448,175,444,92,429,495,172,165,25,422,76,282,446,214,132,106,148,64,304,118,310,164,322,393,40,42,104,308,254,18,205,473,149,243,98,232,198,224,482,311,384,496,292,358,216,96,447,360,368,99,494,77,119,215,470,203,461,398,301,352,107,241,312,471,171,339,327,449,434,185,488,47
3,448,66,338,290,255,35,447,21,399,48,319,350,26,282,85,398,406,462,47,235,171,405,184,201,198,25,232,274,324,124,10,99,494,56,287,269,412,355,292,106,168,212,211,86,247,197,6,49,60,150,179,72,266,70,204,464,280,388,359,320,386,260,472,245,154,417,390,28,192,156,167,133,111,461,42,67,238,420,163,214,339,452,215,295,329,485,147,382,262,187,349,433,495,326,476,159,378,441,394
418,496,237,201,332,399,347,466,101,57,370,75,46,398,484,387,328,323,501,65,319,442,409,47,459,313,309,382,271,236,479,453,3,84,452,276,434,244,139,137,89,284,413,74,384,187,302,43,197,227,73,379,482,32,198,365,37,220,458,274,42,59,487,210,9,44,291,166,219,68,425,341,279,123,421,140,469,67,17,18,221,390,497,439,363,27,275,424,6,116,91,269,191,106,472,261,325,392,467,122
53,65,25,283,290,153,162,502,68,107,304,193,167,61,382,399,258,493,302,165,266,62,492,13,487,448,254,501,196,485,158,86,390,425,80,287,108,94,340,116,7,429,350,172,170,473,145,204,437,229,257,139,96,336,490,29,413,63,78,102,478,242,179,393,66,155,383,494,364,98,222,77,291,212,180,149,45,361,378,249,265,453,471,269,55,451,113,389,176,484,450,296,481,279,280,436,37,85,148,386
496,15,156,466,350,204,398,367,191,62,9,194,269,260,326,431,227,418,167,400,93,355,14,18,73,382,208,115,43,337,458,272,229,218,320,84,438,293,142,150,315,1,235,10,300,247,306,134,492,172,138,186,376,481,429,356,132,47,173,70,289,95,445,103,267,332,112,144,346,162,430,392,185,5,406,158,58,380,133,371,2,381,117,402,146,123,37,468,388,379,420,270,113,254,309,221,100,206,370,163
241,107,157,479,33,81,79,126,454,53,439,238,283,394,299,128,130,116,182,334,440,474,60,233,279,97,410,388,159,276,103,155,13,441,29,102,69,236,204,346,363,324,185,57,213,147,395,371,432,211,362,461,350,138,0,314,149,131,326,317,329,267,396,154,134,84,73,365,455,337,248,351,244,223,374,158,210,71,421,234,294,1,166,178,445,271,353,135,418,348,389,34,250,366,368,242,21,87,150,72
