292,16,219,247,295,7,105,236,416,251,421,142,334,415,82,17,266,250,167,38,127,487,381,184,22,215,440,71,308,181,195,145,423,345,134,233,89,351,155,338,185,68,393,502,122,496,225,314,192,298,2,120,99,481,465,274,187,395,459,160,341,281,230,223,240,33,299,166,432,256,80,431,114,211,18
16,254,154,418,310,336,36,273,473,437,41,76,196,290,484,191,467,307,57,493,397,395,49,226,85,502,413,97,485,178,221,496,212,228,125,348,140,73,316,267,91,442,61,136,233,84,338,332,482,420,89,398,90,245,177,167,222,114,2,278,364,22,169,459,163,124,40,134,229,207,298,81,199,471,445
253,344,457,123,376,268,466,139,266,247,308,255,32,85,250,345,236,459,205,69,215,277,299,178,275,198,359,84,286,225,50,495,498,212,424,18,446,1,224,274,33,25,179,47,77,55,311,232,426,409,248,71,234,441,223,396,256,472,228,175,371,132,403,357,216,168,332,465,267,78,378,121,165,316,16
351,100,329,463,301,294,424,321,245,12,413,59,492,151,222,435,439,126,367,148,455,45,23,305,467,281,392,54,502,418,146,83,343,244,72,184,304,205,470,402,98,179,93,40,302,99,218,106,49,350,157,454,237,441,380,384,355,423,267,369,216,229,340,284,136,186,400,3,107,217,312,209,447,195,446
415,333,102,35,395,216,408,45,421,28,178,130,184,233,217,388,99,321,383,144,238,355,150,259,255,464,134,207,226,327,174,371,141,247,463,228,436,244,300,245,42,353,276,368,187,410,369,466,406,86,493,308,212,288,33,304,433,375,428,156,8,302,167,164,37,379,203,312,191,310,95,123,157,48,284
404,418,479,27,112,291,381,37,486,215,98,292,224,468,499,411,445,303,8,200,103,173,434,454,294,97,267,477,414,288,391,394,488,427,167,24,336,354,296,25,18,289,187,440,478,203,166,307,326,87,395,80,60,310,442,176,84,15,370,471,274,261,412,178,45,295,451,30,74,473,443,227,361,241,312
231,369,226,309,89,181,421,216,422,175,489,286,262,234,198,99,49,221,328,78,21,477,440,95,327,324,97,291,219,499,465,406,461,184,192,491,25,26,84,159,486,114,296,90,51,325,289,428,154,485,435,202,306,390,39,176,388,251,83,86,207,414,385,493,239,481,397,168,449,19,88,426,450,297,361
215,78,262,328,455,356,200,496,48,203,491,416,60,120,54,216,369,327,159,370,148,273,332,434,456,50,176,426,464,267,317,243,311,125,272,6,340,80,493,346,197,355,117,49,261,326,390,242,51,295,463,204,298,111,147,181,35,451,96,318,441,285,271,13,38,415,16,8,334,428,220,173,470,91,372
24,183,166,320,243,403,87,9,105,65,148,491,420,103,126,463,197,314,279,299,304,214,447,282,389,15,64,2,63,14,429,28,351,394,392,501,91,354,34,7,338,222,378,93,319,215,461,86,27,359,192,296,235,233,171,95,17,204,321,250,487,363,365,186,340,36,71,135,129,90,46,6,78,142,40
465,268,157,72,392,53,274,61,147,361,316,413,171,414,1,294,132,325,477,385,264,218,448,260,74,365,30,324,28,311,330,108,7,109,75,156,440,353,431,214,77,439,13,191,342,363,59,244,153,237,435,89,462,320,14,206,78,231,336,460,358,422,418,395,91,173,259,240,79,22,250,302,199,85,359
140,502,108,253,266,180,334,491,288,393,487,437,284,194,76,456,328,162,378,480,66,28,234,27,344,171,496,270,267,24,312,397,470,402,41,467,357,369,18,65,17,5,476,187,222,113,337,244,427,289,469,338,370,479,46,52,34,413,233,219,159,90,383,64,391,322,204,278,276,98,348,381,123,368,79
429,195,111,441,263,306,250,351,424,418,339,197,403,491,97,34,274,373,383,79,437,310,302,275,66,36,336,202,233,45,485,107,480,6,232,91,340,87,187,196,323,106,126,170,153,301,132,30,248,213,182,174,2,166,345,150,256,459,397,357,448,24,208,365,145,235,447,422,59,456,214,219,47,61,236
82,449,405,37,419,193,272,41,488,3,266,423,370,281,133,292,247,460,442,43,215,483,59,385,208,435,244,417,113,201,459,11,227,234,324,290,364,252,356,214,152,287,336,79,230,85,116,241,255,293,239,206,154,498,383,282,465,229,306,388,256,278,188,323,360,237,155,94,120,114,191,308,271,399,426
13,277,289,409,426,438,16,29,84,215,389,157,393,100,14,86,239,160,21,258,125,18,8,72,347,250,232,394,180,11,323,348,182,132,79,130,334,351,340,458,122,58,263,365,496,476,242,397,392,151,179,163,282,218,398,442,357,168,305,419,150,219,28,54,246,370,366,184,248,371,223,241,35,80,297
97,281,387,164,147,101,2,373,299,219,370,392,21,390,375,87,82,407,247,184,201,61,199,127,404,492,103,462,483,294,435,39,251,418,448,27,429,470,131,250,42,500,398,380,465,337,313,502,356,44,125,442,331,89,86,230,207,457,360,286,351,216,358,117,222,211,118,359,436,427,246,428,364,66,386
472,413,101,410,292,336,435,378,26,373,350,267,359,407,95,96,40,368,201,326,349,276,1,309,257,470,116,404,460,353,365,461,290,446,474,167,161,440,251,453,298,481,473,320,89,409,240,124,192,204,237,260,54,215,308,264,372,47,126,30,55,370,33,138,142,358,174,387,146,273,188,418,69,179,394
455,290,326,405,433,465,416,65,358,36,473,7,386,394,230,331,60,468,206,490,314,316,11,83,305,69,208,123,243,236,33,87,40,175,332,336,137,393,79,443,453,29,226,359,376,421,266,459,21,337,499,27,17,224,447,271,210,281,274,158,380,308,295,348,184,149,303,237,370,170,182,35,133,361,450
149,334,178,359,502,286,52,482,129,320,192,160,237,219,207,85,140,59,76,475,284,316,86,433,1,227,388,411,390,474,184,220,451,136,81,461,96,348,327,343,65,25,27,299,289,274,478,281,77,30,294,151,180,470,236,186,157,440,500,131,36,101,496,181,35,331,378,288,126,226,400,277,121,293,318
136,284,344,148,25,432,257,220,336,369,173,239,307,356,28,191,171,244,251,144,424,499,274,249,476,0,128,456,298,297,331,240,478,93,418,423,420,407,117,198,223,164,348,140,54,174,57,46,437,131,120,90,279,391,89,393,450,441,2,283,147,327,82,175,293,98,462,460,500,303,368,355,62,85,161
4,174,464,243,96,229,28,304,397,245,290,68,8,440,285,150,260,91,472,266,302,53,77,254,320,409,383,495,496,159,485,295,153,24,199,488,85,73,192,334,333,438,221,500,452,208,311,291,323,436,327,15,441,474,433,298,84,497,357,395,141,207,98,261,306,364,247,194,121,276,114,184,294,435,18
444,292,427,493,4,409,75,6,67,104,139,124,380,38,250,211,373,30,430,231,189,357,1,320,109,90,315,500,293,417,354,386,178,14,151,79,446,265,402,309,494,469,196,45,416,64,241,39,154,340,487,93,253,396,362,243,149,388,452,28,244,150,23,184,34,40,180,269,218,19,56,486,434,348,285
485,469,333,481,409,451,87,65,22,406,116,343,214,453,25,39,474,486,153,445,405,479,23,211,435,188,170,263,311,312,458,496,151,197,130,470,198,7,284,277,0,238,35,192,426,276,358,181,425,137,342,279,18,167,298,339,159,164,80,176,467,253,48,380,184,113,161,26,326,156,466,462,378,3,494
263,145,57,381,383,364,185,27,67,293,502,449,442,15,139,116,181,274,9,311,153,278,475,452,348,194,337,365,325,420,445,200,319,470,229,433,162,370,3,468,439,339,65,150,495,491,97,180,490,177,489,321,417,256,456,212,356,477,49,230,73,115,195,168,344,346,126,300,350,223,10,415,33,117,393
358,107,81,25,492,43,185,190,55,344,95,378,471,337,432,306,338,474,30,489,328,39,11,211,120,359,34,285,343,222,419,254,133,57,8,277,52,434,411,100,291,407,319,322,436,427,391,468,495,193,330,135,491,38,166,308,58,153,365,119,123,229,428,65,247,400,165,387,150,103,221,27,64,130,72
385,186,458,72,289,369,399,414,413,146,340,445,495,291,326,325,261,283,207,452,104,251,206,363,49,132,25,81,201,276,348,422,50,73,265,371,114,140,113,57,31,405,29,355,214,204,335,256,359,16,392,370,467,67,217,156,431,502,216,160,144,224,314,220,420,10,488,311,111,475,83,341,429,106,36
16,314,73,481,311,139,385,164,480,128,268,306,478,176,335,434,25,346,389,279,71,295,106,202,248,216,292,201,345,225,183,212,165,501,287,426,116,162,275,21,11,386,355,489,237,86,460,462,19,229,123,17,243,303,87,39,359,330,362,485,53,277,376,331,395,81,109,190,312,420,397,82,364,497,402
24,264,502,239,123,72,362,343,238,328,36,394,399,331,124,253,51,29,88,332,397,345,87,68,312,120,39,237,20,59,411,48,37,418,358,392,446,433,31,245,427,225,500,304,492,306,298,107,383,391,443,395,54,102,56,487,327,295,464,363,336,467,190,84,271,140,162,96,256,276,106,489,223,273,228
420,239,298,279,379,153,336,228,392,0,176,1,133,269,130,53,492,312,208,210,154,220,39,152,82,441,395,72,442,57,33,192,324,137,94,123,473,450,22,175,426,221,203,265,32,372,362,134,371,487,405,374,347,363,127,331,4,462,382,149,116,434,155,9,105,430,474,89,97,61,135,240,491,179,481
442,415,476,498,42,299,496,336,494,282,361,403,206,351,165,53,203,209,217,436,390,215,302,362,432,395,24,372,182,170,1,257,307,428,222,277,294,262,25,308,223,61,255,292,80,459,198,409,39,134,495,58,71,358,367,341,136,179,502,155,440,309,272,407,124,342,48,221,218,453,171,386,109,194,473
34,315,221,60,61,237,249,167,171,405,73,293,20,8,271,353,245,327,133,466,223,376,76,67,200,152,494,402,31,433,292,187,419,425,442,235,278,364,191,243,7,290,151,78,259,420,434,410,340,136,89,311,501,104,404,317,37,100,47,240,168,164,387,224,175,62,360,443,82,367,48,350,275,17,423
267,338,434,373,288,133,45,186,308,307,370,156,291,187,69,395,234,43,453,330,404,151,371,135,235,415,221,421,403,33,496,46,263,183,250,226,181,207,440,80,190,319,117,416,499,357,22,417,432,111,501,194,402,18,49,25,363,105,469,303,173,251,209,433,367,6,215,5,39,384,143,474,192,14,376
386,116,356,219,223,95,267,301,382,16,262,96,400,441,175,416,211,371,204,331,493,277,241,93,265,39,472,45,54,20,114,430,370,296,0,435,428,384,28,388,210,162,292,374,140,349,442,359,234,470,314,341,457,170,293,397,32,438,273,87,247,230,231,217,198,315,226,120,413,236,142,450,283,78,71
68,15,372,356,180,124,20,6,500,77,401,406,318,474,46,491,326,204,55,231,88,306,475,309,381,250,425,17,48,29,279,342,85,125,344,196,171,38,376,388,215,61,104,386,438,485,353,244,192,462,307,308,256,182,237,441,493,263,446,437,221,302,403,253,434,319,424,170,173,281,179,477,323,33,111
71,420,441,151,475,427,67,465,430,462,39,159,167,37,223,70,455,398,232,480,194,259,265,286,32,212,250,477,120,385,80,278,29,326,457,81,215,345,359,204,378,202,445,423,415,129,79,231,157,228,208,393,302,469,24,200,342,23,193,35,409,336,494,364,44,12,206,498,221,280,42,94,10,344,196
263,85,402,468,225,74,455,354,163,306,474,56,247,12,331,350,204,188,242,269,453,234,233,378,20,126,271,46,227,395,71,312,101,240,448,228,91,440,152,157,250,139,320,431,255,158,84,423,138,28,214,164,37,212,432,226,411,391,355,123,176,113,275,34,287,281,492,55,348,100,260,330,149,64,413
143,387,424,33,98,467,362,454,382,182,489,471,402,153,266,213,105,152,23,217,292,403,429,265,329,415,295,104,468,200,370,335,441,450,9,315,482,479,409,5,95,388,168,137,485,501,259,456,337,417,425,18,47,261,2,209,202,12,19,497,31,42,51,170,277,141,240,273,291,418,274,34,203,63,309
272,274,88,67,408,355,303,87,324,80,290,397,461,499,311,199,370,427,55,252,443,165,157,47,295,309,194,320,118,458,501,187,478,164,379,467,440,449,291,420,402,313,32,124,60,482,492,292,307,266,263,184,411,258,354,251,6,333,464,377,255,358,123,342,310,219,305,178,115,196,488,262,99,361,267
197,234,462,30,331,277,243,288,314,353,237,298,337,128,137,53,440,404,266,436,433,149,382,194,219,397,246,231,391,359,464,218,12,489,126,139,396,88,347,124,216,62,208,305,264,407,321,356,227,175,421,182,226,27,158,57,205,451,417,40,317,119,247,103,179,85,82,7,136,311,97,232,163,458,169
329,141,194,52,5,164,139,238,355,491,149,165,137,212,17,204,183,237,30,315,316,341,82,158,131,202,455,334,6,391,431,148,156,13,284,304,228,266,44,192,175,387,196,419,499,184,360,482,58,446,195,231,275,255,97,369,382,77,241,72,303,461,167,224,112,448,404,182,486,457,57,43,285,470,496
385,336,227,101,428,492,426,137,323,293,206,241,47,489,92,322,86,413,448,210,230,135,436,171,94,295,187,391,501,154,446,53,294,74,283,471,218,461,150,157,382,302,40,182,331,88,246,25,226,260,297,374,20,271,462,79,422,418,366,338,367,475,423,183,402,13,201,242,89,325,207,142,186,64,31
46,387,480,414,20,474,326,312,174,86,370,324,136,462,399,169,22,42,214,354,185,401,293,215,392,291,280,361,267,489,452,350,133,497,95,451,372,457,273,491,483,71,376,190,167,117,307,433,142,383,357,431,244,48,390,325,313,476,88,176,304,368,356,292,145,251,223,140,8,196,144,413,345,435,341
422,336,467,205,489,402,295,377,469,445,172,401,431,299,382,38,298,486,497,196,86,364,26,98,344,317,104,166,378,288,167,447,203,452,185,224,393,305,492,468,57,405,60,388,297,423,331,421,99,335,281,436,396,304,257,259,274,10,89,433,94,265,171,217,296,374,149,212,487,130,53,235,84,50,183
359,186,203,451,438,134,162,461,394,364,276,110,467,7,222,331,356,302,358,88,127,53,165,488,299,229,497,393,217,10,253,137,357,221,273,183,271,314,348,481,285,264,174,472,443,280,401,128,108,498,213,398,284,27,37,343,403,105,18,492,66,77,236,286,63,47,297,146,238,382,416,399,239,281,17
418,479,71,3,113,120,9,298,325,356,423,451,313,207,267,184,367,256,0,357,35,404,130,309,124,426,59,80,339,362,234,393,209,323,55,436,24,434,477,329,430,159,390,161,268,470,491,352,348,277,26,36,258,172,200,237,145,502,457,236,266,394,46,70,133,23,18,11,359,400,338,187,226,455,282
249,456,313,490,99,288,39,427,448,207,483,443,75,373,78,156,208,302,388,35,251,55,484,480,334,359,238,203,12,85,387,256,274,219,474,374,94,255,116,339,310,129,237,390,141,101,132,184,279,441,188,273,42,352,66,114,253,318,212,110,432,413,294,213,332,86,47,215,115,205,40,424,127,196,239
118,468,26,257,418,260,414,235,449,89,52,472,371,254,103,410,477,88,466,455,274,412,137,373,413,57,481,488,474,93,268,152,315,296,180,398,81,370,459,308,110,71,375,427,70,135,115,489,200,443,213,241,314,332,355,165,429,252,184,345,189,469,416,24,1,387,309,61,20,285,318,496,377,194,250
149,265,216,9,60,436,160,492,119,224,40,106,31,359,138,477,366,428,4,29,426,225,233,402,97,103,401,369,5,33,95,249,440,258,379,277,155,140,404,34,120,71,55,374,193,255,390,194,166,141,293,281,41,57,200,460,345,266,364,466,497,181,292,30,271,353,483,195,222,227,96,70,435,109,310
361,64,421,328,316,409,54,413,494,224,173,266,307,190,37,0,212,245,323,210,351,130,273,359,379,109,285,332,25,432,271,155,289,489,418,175,291,235,451,63,220,445,414,199,30,308,6,399,189,203,84,5,67,431,105,159,428,87,221,52,367,325,182,38,272,255,160,186,314,102,477,449,48,490,498
233,225,307,90,202,142,445,310,277,207,357,488,128,199,498,83,328,145,162,496,335,53,58,124,256,338,107,418,88,120,85,80,40,226,457,167,208,367,157,254,294,240,230,309,71,375,185,293,12,263,250,500,479,133,376,220,149,431,379,318,435,75,138,455,261,449,273,380,17,354,486,306,3,84,143
337,380,20,203,70,429,37,52,155,402,100,98,423,488,285,175,121,279,206,309,428,343,449,105,389,228,333,169,461,465,124,487,25,383,223,234,66,369,177,138,90,347,93,314,231,459,178,290,304,408,446,351,51,479,185,77,137,157,473,69,57,317,482,474,258,219,287,249,140,248,481,197,186,271,447
