33,439,494,15,211,473,503,284,164,35,501,335,77,255,369,45,430,142,363,390,431,290,268,467,178,310,371,136,518,245,450,314,192,22,298,2,120,68,99,481,465,155,274,187,395,459,122,160,341,281,230,223,240,541,334,299,166,432,256,80,521,114,537,495,18,16,254,154,418,516,336,36,273,437,41,76,196,520,191,307,466,57,397,497,49,226,85,413,97,517,221,212,228,125,348,140,73
534,182,122,273,466,309,168,178,180,491,355,335,445,229,5,44,339,327,248,81,268,458,414,162,399,507,247,278,494,511,64,85,250,345,236,459,205,69,215,277,299,541,275,198,509,359,84,286,225,50,212,424,18,446,1,224,274,33,25,179,47,77,55,311,232,426,409,523,71,234,441,223,396,256,228,175,371,132,506,403,357,472,216,535,332,266,267,78,378,121,165,316,16,351,100,329,301
490,25,119,303,445,252,296,91,47,108,292,166,488,144,369,410,196,358,186,81,199,436,212,98,315,474,433,458,213,272,373,59,321,400,509,3,107,217,312,209,447,195,446,415,333,102,35,395,216,408,45,421,28,178,130,184,233,504,388,99,507,383,528,238,355,150,259,255,475,464,134,207,226,327,174,529,371,141,247,228,520,244,300,245,42,353,276,368,187,526,527,470,406,86,308,519,454
67,313,16,335,329,75,406,382,289,190,246,172,315,97,54,225,536,431,196,449,539,401,206,347,195,334,48,51,37,374,535,166,307,326,87,395,80,60,310,404,442,176,84,15,370,471,274,261,412,178,45,203,224,295,451,492,30,74,473,443,227,361,241,312,231,369,226,309,89,181,421,216,496,422,175,286,262,234,198,99,49,221,328,78,21,440,95,327,324,528,291,219,511,184,466,192,25
53,169,318,228,50,180,102,369,190,309,43,405,439,79,353,199,503,166,172,415,479,336,38,177,536,430,156,401,96,406,121,120,54,216,534,327,159,370,148,273,332,434,456,537,176,426,464,267,317,243,311,125,272,525,6,340,80,346,197,355,117,49,261,326,390,242,51,295,463,204,298,111,147,181,35,451,513,539,441,285,271,13,519,472,522,16,8,334,428,220,173,496,91,372,24,183,524
487,175,19,210,130,296,206,252,534,395,428,31,128,5,126,28,56,182,127,394,69,14,444,187,431,48,173,54,385,470,466,171,95,17,204,321,235,250,541,363,365,186,340,36,71,135,129,90,46,505,6,78,142,40,465,268,157,72,392,53,274,61,147,361,316,413,510,414,1,294,132,325,513,264,218,448,260,74,501,30,324,526,311,462,330,108,481,7,109,75,156,440,353,517,214,77,439
27,383,528,118,489,306,475,474,179,144,28,412,157,462,183,346,518,480,158,44,501,398,170,524,280,216,506,361,388,152,324,378,525,162,66,531,234,541,344,171,496,270,267,24,194,312,397,470,402,41,467,357,369,18,65,17,5,476,187,222,113,337,244,427,289,469,338,370,46,52,34,483,413,233,219,159,90,540,64,391,322,204,278,490,276,98,348,381,123,368,79,429,195,111,441,263,536
501,395,195,69,158,133,73,405,466,90,214,12,465,183,174,375,393,212,253,341,306,265,537,60,496,426,364,349,5,333,300,256,459,397,357,448,301,24,208,365,145,235,87,447,422,59,456,429,531,219,47,61,236,82,449,534,37,419,193,272,41,3,266,423,370,281,536,292,247,460,442,43,215,517,385,503,435,244,417,113,201,509,11,227,234,324,290,515,252,356,493,152,287,336,79,230,85
232,483,511,478,413,309,458,23,512,376,475,310,188,240,228,382,164,27,33,59,168,430,314,521,200,29,172,538,321,43,251,18,8,72,347,250,541,394,180,11,215,323,348,182,132,509,79,130,21,508,334,351,340,535,122,58,263,365,476,242,397,392,151,179,163,282,218,398,442,357,518,305,419,150,219,28,54,246,489,370,366,184,248,371,223,241,498,35,80,297,97,281,387,525,147,101,2
439,43,175,165,494,369,403,122,398,254,207,79,503,54,262,500,84,88,250,178,173,460,414,195,433,234,445,423,194,236,536,246,428,364,66,386,472,413,101,410,292,336,435,378,26,373,350,267,359,407,95,96,40,368,201,326,349,276,1,309,257,470,116,404,520,353,365,461,290,446,167,161,440,251,453,298,320,89,409,502,240,124,192,204,237,260,528,215,308,264,372,47,126,30,55,370,33
276,253,284,348,293,377,138,359,131,73,14,461,121,413,23,167,139,417,247,487,472,67,175,80,350,275,158,58,452,42,54,17,224,455,447,271,210,281,274,515,380,308,295,538,184,149,303,69,237,370,170,182,35,453,133,361,450,496,334,178,534,286,52,129,320,192,160,493,219,207,85,140,59,76,539,316,86,433,1,227,388,411,390,497,220,451,136,81,475,96,498,327,343,65,25,27,459
173,154,61,302,361,472,373,315,262,73,203,363,71,72,252,453,243,273,296,50,514,440,346,478,57,382,342,489,502,288,499,476,0,191,128,456,298,297,331,240,518,93,418,423,420,407,117,198,223,164,348,140,54,174,517,46,521,437,131,493,120,90,279,491,391,89,393,450,441,2,257,283,147,327,82,175,293,98,462,460,303,368,355,62,85,161,4,488,525,96,229,28,304,397,245,290,68
17,301,521,182,533,107,154,509,318,307,48,399,171,146,384,9,491,443,416,16,31,168,282,415,196,495,389,243,349,229,368,294,435,298,18,444,292,427,493,4,409,75,6,67,104,139,124,380,38,250,211,373,30,430,231,189,357,1,320,109,90,315,293,417,497,354,386,178,14,151,79,446,265,402,309,492,517,45,523,64,241,39,535,340,93,253,396,362,514,149,388,28,244,150,23,184,34
80,361,539,437,39,113,174,131,45,233,429,51,78,306,46,423,377,341,303,395,260,397,15,0,476,232,71,385,363,274,36,25,167,298,451,339,238,159,164,87,541,176,467,253,48,380,184,536,161,26,326,156,466,462,378,3,263,145,57,381,383,364,185,27,67,293,449,442,519,139,116,181,512,9,311,153,278,452,348,194,337,365,465,325,420,445,200,319,229,433,162,370,486,439,506,65,150
195,360,355,512,290,424,98,461,146,230,391,337,307,253,447,21,66,235,388,215,162,50,86,371,381,110,191,60,79,23,422,120,359,34,285,343,222,419,254,133,57,8,277,52,434,411,100,291,407,319,322,436,39,427,531,468,487,193,330,135,38,166,308,58,153,365,119,123,229,428,65,247,530,400,165,387,150,103,221,27,505,64,534,130,72,385,186,457,289,369,399,414,413,533,340,445,494
522,414,209,503,413,98,265,50,163,402,101,147,229,280,227,114,62,59,429,408,512,32,531,134,434,313,534,527,432,321,288,224,314,276,220,420,10,488,311,111,475,83,341,523,371,106,36,16,509,73,481,538,139,385,164,480,128,268,306,478,176,335,517,25,346,389,279,71,476,295,496,202,485,248,216,292,201,345,225,183,212,165,479,287,426,116,162,275,465,21,11,386,355,468,237,86,19
459,247,34,487,174,78,246,107,162,218,380,164,49,528,479,540,144,476,73,249,507,102,59,177,175,137,241,79,474,40,119,411,509,48,37,418,358,392,446,433,31,51,245,427,225,39,304,492,306,298,534,383,391,443,395,54,520,56,327,295,464,503,363,336,467,190,84,271,140,533,96,256,276,106,223,485,273,228,420,239,494,279,379,153,478,481,504,0,176,1,133,269,130,53,312,208,210
308,441,79,304,165,352,144,115,67,384,274,189,246,45,350,260,442,407,65,269,527,524,254,9,298,232,310,247,18,210,178,97,4,61,134,135,240,57,462,491,179,481,525,415,476,42,299,336,282,361,403,206,351,537,53,203,209,217,436,390,215,302,502,362,432,395,24,372,182,170,1,257,307,428,487,222,277,294,262,25,541,223,508,255,292,80,198,409,39,507,58,71,358,367,341,136,501
311,248,97,442,436,343,218,389,68,443,120,123,475,499,334,536,146,41,17,491,267,446,266,152,135,401,304,62,375,471,382,243,7,290,151,78,259,420,434,410,340,136,89,541,104,505,404,317,67,37,100,47,240,168,164,387,224,175,514,187,360,532,82,367,48,350,275,523,423,521,338,503,373,288,133,45,186,308,307,370,156,291,482,69,395,234,43,453,330,495,507,371,517,235,415,221,421
67,93,526,367,501,452,362,415,160,381,235,45,223,389,36,99,51,210,346,503,419,13,471,431,10,79,287,385,28,232,438,529,95,267,301,382,16,356,262,96,400,441,175,416,211,371,204,331,493,277,241,540,265,39,472,530,54,20,114,430,370,296,482,0,435,428,384,513,388,524,162,292,374,140,349,442,359,234,314,341,457,522,170,293,397,32,386,511,273,87,519,247,494,230,231,217,198
453,240,472,285,156,143,136,31,361,249,41,13,155,92,409,110,463,176,531,500,35,96,59,171,251,393,343,77,430,122,209,386,438,485,353,244,192,462,307,308,256,182,237,441,493,263,446,437,221,302,492,403,518,253,434,319,424,170,173,281,179,477,279,323,33,111,71,420,498,151,427,67,465,513,504,39,159,167,37,223,70,455,398,232,194,259,265,286,32,212,250,120,385,80,278,29,326
162,240,430,409,405,258,158,462,314,457,416,49,400,46,387,71,88,25,413,442,84,189,529,20,392,170,451,148,326,515,113,247,12,331,350,506,204,188,242,269,453,234,233,378,518,126,271,528,227,395,526,312,101,540,448,228,91,440,152,157,250,139,320,431,255,535,521,423,138,28,214,164,37,482,212,432,56,226,465,411,391,474,355,123,176,511,275,34,287,281,499,55,348,163,100,260,330
298,129,286,67,197,364,306,532,426,210,304,47,434,209,400,18,10,190,337,275,518,37,95,4,418,405,24,38,62,85,102,170,277,141,240,273,291,517,274,34,137,213,203,63,403,309,272,503,88,538,408,355,303,87,324,80,290,397,461,492,311,199,370,427,55,252,443,165,157,530,295,496,194,320,118,458,187,164,379,440,449,505,420,402,313,32,124,60,292,307,266,263,184,411,258,354,251
12,510,246,247,438,356,231,392,524,198,394,468,60,486,475,256,274,107,298,389,439,492,520,463,437,24,253,278,177,248,433,62,208,305,264,407,321,536,227,175,421,511,347,182,226,27,158,57,205,451,417,40,149,317,119,538,103,179,85,82,7,136,311,481,97,404,232,163,458,169,329,141,194,52,5,164,139,238,355,489,165,137,212,17,204,183,237,30,315,316,341,482,495,131,202,334,6
296,312,26,457,533,89,384,351,392,282,369,116,35,391,462,511,194,164,165,154,483,145,334,448,224,365,114,87,529,455,202,428,492,426,137,323,293,206,241,47,489,92,322,86,413,518,210,230,135,436,171,94,295,187,528,385,522,446,53,294,74,283,471,218,461,150,157,382,302,40,182,331,101,88,246,25,226,260,297,374,20,464,271,79,422,418,366,338,367,423,183,476,402,496,13,201,242
178,415,284,372,129,301,62,93,40,349,172,272,339,45,84,429,370,431,267,190,142,381,335,235,539,488,97,177,352,290,503,223,140,8,196,144,413,524,345,435,341,422,336,467,205,489,402,295,377,469,445,531,401,504,299,499,382,38,298,507,490,86,364,26,98,344,317,104,166,378,288,167,447,203,452,185,224,393,305,57,484,405,60,388,297,466,423,331,421,99,519,281,436,396,304,257,259
20,178,189,531,342,434,298,424,261,107,471,168,370,100,366,373,406,268,325,221,14,444,177,254,532,331,458,536,541,506,275,357,522,273,183,271,314,348,481,285,264,174,472,443,280,356,401,128,108,213,398,284,27,37,343,403,499,105,18,66,77,236,286,63,47,297,146,238,382,416,399,239,88,281,17,418,71,3,113,120,9,535,523,496,423,451,313,207,267,184,367,256,0,510,35,404,130
249,119,369,161,241,469,419,19,111,49,318,322,52,73,516,344,400,475,227,290,472,536,93,141,266,46,37,23,529,374,452,455,282,541,456,313,490,99,288,39,427,448,207,483,443,75,373,78,156,208,302,388,35,251,55,484,480,334,359,238,203,12,85,387,256,274,219,474,512,94,255,116,339,310,129,237,390,518,101,132,184,279,495,470,441,188,273,42,352,478,66,114,253,531,485,212,110
427,172,95,431,231,411,81,254,202,392,478,236,53,514,521,471,178,525,105,508,206,176,274,114,187,305,361,528,115,162,52,459,308,110,71,375,541,70,260,135,513,489,200,443,213,241,314,332,355,165,507,429,252,184,345,189,469,416,24,1,387,309,501,61,20,285,318,377,479,449,194,250,149,265,216,9,60,436,160,119,224,40,106,31,359,138,366,428,4,29,426,225,233,402,97,103,401
206,10,66,190,499,517,310,281,68,241,58,143,8,111,387,510,388,332,282,533,83,213,115,401,362,60,536,391,445,455,192,402,70,435,109,535,361,64,421,328,316,409,54,413,494,224,173,266,307,538,37,0,212,245,323,210,351,130,273,359,379,507,285,524,25,432,271,490,155,289,418,175,291,235,451,63,220,513,414,199,30,308,6,399,189,203,84,5,67,431,469,105,159,428,87,221,52
364,76,510,320,373,204,96,467,466,450,181,405,284,414,257,398,167,290,324,107,117,248,512,214,176,241,170,160,80,452,334,507,208,367,157,254,294,240,230,309,71,375,185,501,293,12,226,263,250,328,338,479,133,376,220,149,431,310,379,318,435,75,138,488,455,261,449,273,380,17,354,306,3,84,143,337,473,20,203,70,429,37,52,155,402,100,98,423,285,175,121,279,206,502,428,343,105
457,338,248,50,447,468,132,354,350,276,181,187,463,356,102,371,155,275,314,138,115,517,438,498,280,497,395,373,230,393,71,357,399,10,464,121,378,128,374,36,475,136,309,131,440,499,53,96,49,453,98,487,93,330,443,370,417,213,34,161,480,89,364,407,166,509,433,299,286,420,114,123,174,204,258,469,122,394,270,324,85,140,532,3,460,44,530,4,256,478,430,231,398,495,359,38,274
366,416,240,307,258,166,40,339,434,269,467,70,179,495,414,489,371,234,502,515,128,387,6,156,162,235,267,271,23,331,533,19,5,37,113,531,169,216,82,425,451,481,320,99,28,444,445,25,65,391,11,423,431,210,529,394,4,536,522,236,173,187,56,448,68,334,144,420,384,202,199,373,305,252,354,503,380,381,95,453,57,140,264,501,247,440,349,350,118,64,386,215,205,124,10,53,514
191,316,84,247,161,490,62,351,480,43,497,430,199,5,286,197,276,520,491,363,510,230,530,227,82,207,190,536,169,411,42,0,38,469,346,202,429,326,140,45,134,73,379,270,277,433,401,352,170,408,409,463,103,517,262,88,467,278,294,525,506,389,253,246,340,121,529,172,334,2,69,129,124,515,138,375,75,85,40,498,55,201,204,301,179,12,210,348,32,367,499,290,239,6,468,214,516
171,407,45,317,251,42,235,416,520,22,118,485,212,513,211,336,370,331,226,333,90,114,451,57,273,271,373,218,446,350,62,40,76,75,190,275,497,521,256,423,388,180,74,210,466,104,28,110,154,347,31,442,511,248,58,227,19,43,354,240,529,390,87,71,21,105,470,85,384,65,120,349,282,389,410,517,369,538,177,519,518,386,344,338,322,220,457,149,132,396,184,399,66,364,238,170,324
109,440,271,233,436,246,177,355,317,130,437,137,129,431,146,75,26,41,474,493,508,371,372,331,321,348,22,261,518,531,528,429,101,249,481,99,368,306,338,351,511,18,96,490,147,397,113,464,538,54,37,284,328,208,165,289,292,173,470,325,396,329,194,2,68,326,447,483,16,337,220,72,434,50,188,36,342,91,465,426,412,392,457,98,456,61,495,406,524,510,460,20,243,310,473,312,238
484,509,470,493,290,505,45,157,86,200,298,29,9,430,100,228,30,212,101,500,154,32,454,311,306,522,286,305,528,275,230,94,40,392,313,464,208,132,295,534,43,51,229,283,8,369,13,118,349,273,221,25,105,163,343,23,385,281,435,279,383,57,344,486,137,537,83,272,327,338,182,109,391,312,152,143,483,72,261,102,370,533,68,166,185,74,463,302,20,504,425,225,384,254,424,510,352
393,100,136,526,57,66,307,478,216,276,447,104,531,81,88,272,535,261,314,489,426,502,275,431,189,495,141,425,238,387,496,321,155,211,269,347,534,107,220,187,263,236,310,382,345,253,9,248,205,287,118,375,174,114,97,472,503,373,331,459,132,147,453,452,409,357,304,158,85,442,358,255,504,223,177,167,427,308,63,53,429,108,410,252,322,77,222,13,251,343,123,437,469,271,354,176,416
172,162,201,143,22,169,466,125,377,217,299,482,479,516,522,262,294,318,100,248,263,450,399,58,65,416,146,408,354,30,350,444,92,429,507,50,541,165,25,422,76,282,446,214,132,106,148,64,304,485,118,310,164,530,322,393,40,42,104,520,308,254,18,205,175,149,243,98,232,198,224,208,311,384,342,292,358,445,457,216,96,481,360,368,99,433,124,77,119,215,461,203,498,398,420,301,352
214,483,184,342,85,370,538,95,6,133,511,71,43,97,52,170,534,471,343,368,403,397,51,464,248,21,199,42,113,212,336,512,211,86,247,197,533,49,60,150,179,72,494,266,70,204,355,472,280,388,359,320,386,260,124,245,154,417,390,28,192,156,167,532,111,168,514,67,238,420,163,541,339,502,215,295,329,406,147,382,262,187,440,439,349,481,496,326,25,159,378,489,394,418,237,201,332
202,115,151,92,131,95,473,536,6,169,489,279,274,179,148,375,86,395,455,147,65,397,74,440,84,119,420,18,89,332,438,68,425,341,530,123,421,457,140,517,67,17,514,221,390,399,210,363,27,275,500,533,116,91,269,191,106,47,419,261,424,325,392,276,430,122,53,521,25,283,290,153,162,475,510,107,304,193,167,61,382,496,258,466,302,165,266,62,465,13,460,448,254,474,196,458,158
172,161,216,188,232,14,345,341,214,290,409,459,514,279,192,334,59,127,156,204,485,359,132,311,136,196,445,154,424,360,298,45,361,378,249,457,265,229,489,506,476,86,269,55,490,139,113,389,176,302,96,296,62,528,280,383,37,85,148,451,386,15,523,466,350,522,398,367,191,503,9,194,499,260,326,431,227,418,167,400,93,355,536,18,73,382,208,115,43,337,272,504,218,320,84,438,293
285,301,3,471,21,494,269,19,344,276,373,265,94,346,141,190,95,207,225,289,324,371,11,316,117,267,4,234,292,247,75,320,388,488,457,379,517,495,270,113,456,254,309,221,100,206,481,370,493,163,241,107,157,479,33,81,79,126,454,53,439,238,283,394,299,128,130,116,182,334,440,60,233,279,97,410,509,159,532,103,155,13,441,29,102,69,236,204,528,363,521,185,57,213,147,395,520
423,277,1,299,263,535,308,268,169,146,497,489,446,316,420,143,468,2,332,357,537,271,262,69,500,484,42,175,301,144,259,395,509,459,264,46,430,182,386,258,269,154,74,274,376,186,215,469,280,536,382,307,371,117,538,479,187,383,343,133,162,63,485,511,247,451,326,370,230,507,498,241,158,145,266,243,426,129,43,150,125,106,510,140,62,31,523,323,532,246,477,520,4,471,290,126,174
286,381,87,190,337,315,80,274,73,165,353,213,424,380,231,361,472,52,254,415,47,427,324,58,373,325,539,199,239,423,429,46,516,146,155,16,310,223,106,299,308,389,233,115,300,442,101,394,2,296,503,236,367,384,309,159,476,306,407,302,277,295,364,237,53,242,360,133,92,113,244,283,209,126,304,432,440,291,517,527,207,131,246,8,4,508,148,428,181,280,528,522,202,241,387,502,51
320,143,346,481,163,384,182,99,48,351,367,519,361,41,318,50,382,280,303,489,214,135,34,456,476,314,349,60,66,98,461,315,199,16,304,464,271,70,459,209,309,458,493,507,524,260,282,277,136,407,302,466,96,330,126,52,4,479,79,113,439,329,388,457,468,198,379,220,312,446,211,460,469,188,243,485,477,442,177,259,111,81,278,193,322,284,396,375,97,62,44,49,221,486,165,285,325
537,338,320,507,138,21,534,496,190,148,131,530,528,362,50,401,141,122,192,418,214,120,450,187,388,417,273,235,282,125,38,465,18,288,449,30,522,445,109,451,230,155,398,406,344,506,215,405,508,525,169,185,368,497,460,23,228,535,304,415,14,377,265,501,142,295,267,332,167,188,231,475,196,218,193,473,184,247,88,376,114,210,399,502,44,268,367,378,521,108,137,28,24,467,356,407,294
11,1,388,27,220,254,210,22,82,524,519,480,458,428,395,301,248,502,203,492,286,72,174,61,107,528,337,483,442,349,347,133,110,532,291,68,464,478,437,303,165,245,346,408,65,482,500,372,434,391,247,207,7,305,223,487,397,15,427,307,189,196,130,167,261,154,131,382,275,177,530,222,540,485,219,369,156,37,336,100,448,176,474,273,125,84,493,401,250,352,431,314,40,224,49,234,534
180,304,121,0,151,357,310,502,40,104,445,331,72,158,314,489,112,366,282,108,176,285,531,233,195,501,100,251,515,305,521,136,113,532,503,465,497,432,511,267,477,269,23,224,32,495,472,187,211,248,258,526,236,76,372,487,490,30,262,132,279,391,452,423,235,441,315,150,160,351,115,454,161,337,302,98,97,212,517,65,469,83,324,110,333,61,358,179,291,540,55,313,188,143,234,525,109
148,87,115,128,332,496,417,236,284,393,497,507,359,292,396,242,481,512,130,217,333,443,281,53,290,77,436,539,194,39,145,473,461,166,334,484,38,22,63,173,387,213,125,357,79,313,415,132,165,201,502,96,258,6,14,110,442,150,376,434,144,522,197,187,424,364,401,414,339,7,478,451,463,350,196,388,320,445,372,46,412,330,234,511,185,394,176,198,32,202,449,318,358,395,540,108,21
