585,33,439,494,591,15,211,473,503,284,669,164,35,533,501,335,77,255,763,369,45,430,142,617,363,390,431,290,691,268,467,178,702,310,677,371,136,798,786,245,450,628,384,808,596,4,241,137,199,795,549,374,789,321,682,562,461,446,481,66,668,598,332,513,160,229,422,244,37,32,508,308,621,673,73,546,82,153,393,580,383,615,751,115,98,452,170,195,357,443,424,456,251,697,281,146,632,534,182,122,273,466,309,168,676,664,797,180,491,355,813,445,810,5,557,44,339,327,248,81,799,458,414,784
162,399,507,689,247,753,537,278,532,494,616,511,64,170,501,690,472,410,139,430,554,598,357,551,397,814,718,169,572,451,101,425,36,2,449,548,66,51,358,94,155,111,622,464,496,142,469,446,513,457,351,743,265,714,782,433,336,665,820,535,157,757,243,330,633,33,703,200,658,602,589,643,490,25,119,303,445,252,735,296,91,47,611,563,108,292,166,686,488,144,369,609,811,196,790,186,81,605,199,436,212,98,700,315,474,711,534,773,458,680,568,213,272,746,373,118,642,712,7,214,434,624,418,391
667,204,71,790,433,816,91,56,356,260,368,467,434,777,198,643,767,289,477,711,301,518,511,519,269,414,452,654,349,357,743,283,494,457,488,601,491,85,706,552,737,375,739,803,172,617,425,788,577,67,609,751,313,16,605,335,828,329,75,758,406,624,382,811,620,190,246,784,315,97,569,54,225,583,770,431,196,755,585,449,607,775,401,206,347,588,195,535,780,334,48,673,708,592,51,37,578,374,768,332,615,653,175,161,120,764,353,168,31,549,523,799,90,730,749,591,820,61,149,455,482,812,462,802
618,179,362,433,351,572,525,469,397,199,99,443,656,156,42,191,655,649,194,583,439,368,823,385,51,619,53,169,318,228,50,593,180,102,651,578,369,190,309,43,405,612,781,808,79,353,777,819,503,166,172,415,770,479,336,38,177,796,595,723,430,815,822,657,713,401,96,406,121,240,109,432,739,654,800,740,296,546,665,101,783,534,634,486,622,250,545,297,12,681,161,693,395,710,234,818,522,652,485,795,590,408,596,223,294,363,71,193,637,571,543,26,76,409,32,17,668,440,346,182,48,367,332,640
487,806,175,19,210,130,296,206,252,820,395,629,558,598,609,428,564,779,31,128,5,126,28,56,702,789,785,182,127,709,394,69,14,677,444,756,795,187,639,431,48,812,173,54,719,385,592,470,466,343,190,35,408,642,781,500,726,730,373,681,72,142,271,259,180,93,471,13,157,284,80,537,315,144,107,549,123,294,722,633,342,3,589,265,650,529,437,521,149,771,60,649,57,623,61,661,216,548,796,219,150,313,707,813,154,27,383,528,685,118,489,306,475,474,179,640,755,827,412,735,760,462,672,183
346,518,685,480,158,44,501,604,398,170,825,718,280,216,506,532,361,669,576,787,569,388,152,657,324,756,804,133,56,468,54,689,342,540,534,49,389,624,83,714,738,36,130,34,10,374,445,226,675,489,579,677,740,92,105,69,375,466,438,318,181,767,129,645,409,556,789,553,197,697,247,736,159,391,223,527,612,822,702,679,395,195,773,548,824,620,605,551,801,73,672,405,771,90,214,12,465,183,680,174,772,393,647,212,253,341,306,603,265,744,60,496,426,364,349,5,333,690,300,513,602,793,416,290
470,174,118,428,439,94,123,473,165,811,75,387,544,82,7,532,741,563,266,584,494,87,431,826,771,416,488,226,403,23,454,469,648,581,728,504,712,429,305,575,672,158,461,170,232,483,511,586,478,413,309,767,564,458,612,799,512,557,376,646,721,475,310,188,240,228,382,617,164,543,27,554,578,33,59,168,430,314,753,200,29,172,780,321,43,516,251,36,17,145,695,501,464,360,22,752,769,696,364,265,740,787,261,42,144,669,702,680,244,117,527,484,303,358,327,565,436,336,611,301,824,57,109,493
681,740,732,368,497,743,447,482,365,71,161,594,195,562,775,329,295,203,5,747,599,439,741,785,43,781,750,175,165,494,369,403,122,398,254,207,588,79,503,54,815,262,500,84,761,674,627,712,88,250,662,178,173,460,414,720,573,816,702,433,716,234,445,423,194,236,827,719,798,492,729,133,811,584,673,53,746,700,535,718,190,193,80,737,402,653,699,553,3,618,514,232,707,731,581,335,322,502,596,641,179,480,248,384,409,474,520,109,431,617,529,94,252,60,111,66,276,253,284,348,293,547,377,138
359,789,580,653,811,131,717,73,14,772,788,461,662,121,413,628,633,23,167,610,139,417,247,487,472,67,175,80,350,664,672,275,786,158,825,58,452,719,753,532,42,675,54,34,448,543,420,562,548,317,760,616,590,697,369,299,606,138,475,741,340,365,71,266,722,773,668,356,791,572,105,258,641,385,320,770,438,414,170,281,118,153,568,632,173,3,454,774,440,273,163,321,193,775,654,686,823,51,796,598,744,579,780,563,154,61,588,302,361,804,373,315,262,821,203,762,363,766,816,72,577,252,453,554
696,243,587,637,273,568,688,296,50,514,440,673,738,346,478,614,713,57,382,342,489,502,288,549,499,1,810,257,596,595,663,481,186,234,396,446,328,828,280,108,348,115,93,109,263,793,240,181,558,697,179,4,819,566,294,655,165,350,826,197,606,737,711,125,170,322,9,349,486,192,458,56,609,490,580,137,17,570,301,521,182,533,604,107,154,509,640,318,591,307,48,399,171,146,384,668,667,762,491,443,416,622,582,647,654,16,31,597,168,714,282,415,196,605,523,612,495,389,827,761,553,229,368,588
597,37,584,8,819,150,13,134,209,278,249,760,77,501,422,747,61,463,378,715,3,641,218,181,631,586,820,708,772,356,29,302,158,530,619,500,393,91,128,483,79,309,680,187,507,724,486,299,776,56,488,301,47,368,68,80,361,539,437,39,113,696,570,666,174,131,45,233,687,429,51,78,306,46,423,377,341,527,623,624,625,303,395,260,397,15,569,554,0,476,232,742,71,385,553,717,363,274,685,559,36,50,335,828,678,477,318,329,764,161,352,506,96,369,226,323,53,652,312,7,751,291,115,371
54,135,587,31,279,232,362,548,18,622,306,557,697,388,674,731,817,650,400,639,458,325,740,7,678,131,300,195,360,355,642,512,290,424,712,98,461,146,230,391,821,337,689,693,307,253,601,701,447,21,66,235,815,717,215,162,50,86,371,381,110,688,191,756,675,613,677,60,657,79,23,422,240,719,69,571,686,444,508,267,114,17,555,104,201,583,638,645,759,387,661,271,76,333,617,116,818,813,239,246,459,803,494,764,331,802,206,443,55,751,129,445,260,145,373,144,578,292,680,743,652,811,522,566
414,209,503,413,726,98,265,50,163,402,552,696,101,147,530,742,229,280,227,114,62,59,711,429,408,671,512,719,32,784,741,816,134,434,313,821,810,432,321,288,448,629,818,440,20,622,222,166,682,813,212,72,33,628,815,623,278,770,328,256,536,612,352,803,793,692,558,142,590,778,404,769,497,433,584,403,691,450,366,424,331,574,232,324,550,819,42,23,806,496,475,173,38,459,247,34,487,606,174,78,246,718,661,725,765,107,555,662,162,744,218,773,380,625,164,49,528,479,734,144,687,476,657,73
789,799,662,249,507,102,59,177,665,794,691,175,137,625,241,79,474,40,119,96,75,716,784,62,103,490,451,813,609,613,597,215,767,782,791,109,205,113,655,590,727,672,381,168,542,281,324,193,513,552,213,446,792,546,456,478,596,559,759,306,673,457,0,352,2,267,538,261,107,624,417,420,308,441,801,304,165,765,144,115,67,384,648,274,189,246,45,350,260,442,407,531,65,724,269,695,741,788,738,254,663,9,298,232,310,247,18,210,178,194,8,123,268,271,481,114,359,84,599,787,565,412,703,331
106,406,419,434,781,431,605,807,724,790,48,744,365,341,2,514,615,107,445,554,588,524,50,617,447,122,511,585,161,396,78,269,117,143,716,735,683,273,359,311,619,544,248,684,97,442,436,343,772,218,389,68,631,443,120,123,475,499,334,824,146,587,41,17,543,707,491,655,267,446,752,266,152,135,401,304,62,801,375,586,471,556,728,382,486,15,581,303,156,519,681,791,179,622,208,518,634,755,75,201,94,480,336,329,449,351,125,374,164,784,700,551,34,535,676,576,757,90,372,805,614,313,583,750
139,790,469,86,661,809,302,742,270,471,442,806,67,93,526,367,501,452,362,415,660,160,381,638,235,715,45,223,389,36,577,99,51,726,210,606,346,503,419,735,13,819,431,10,79,768,287,385,28,752,773,232,713,438,446,191,534,602,764,33,712,525,193,350,422,821,409,663,555,483,186,530,78,90,108,41,229,740,592,0,56,421,324,584,280,698,718,826,628,682,767,341,587,64,547,174,746,495,662,461,462,435,396,631,453,240,472,743,285,567,156,143,136,31,783,361,249,753,788,155,636,92,653,762
110,463,176,612,41,619,762,500,35,96,59,558,802,685,171,251,688,393,343,77,752,776,559,430,122,209,773,706,488,384,614,616,512,364,475,526,443,605,604,342,507,639,340,346,562,359,817,647,67,223,142,303,135,79,318,335,75,447,140,464,389,519,530,572,64,425,821,241,160,557,818,652,162,240,805,691,718,409,405,258,158,462,314,457,416,791,49,400,815,46,387,71,672,728,88,25,413,442,560,84,189,741,20,689,392,793,170,451,148,709,326,721,825,113,494,733,663,700,408,376,485,539,468,466
756,40,252,542,93,454,790,142,624,203,480,456,182,305,315,501,278,640,510,316,168,276,56,428,329,75,814,424,113,453,800,782,710,246,353,226,551,68,574,562,466,111,696,326,201,520,660,298,129,575,286,774,67,197,724,764,364,306,532,426,210,304,47,434,584,530,658,590,209,400,740,671,18,630,10,190,337,275,518,675,37,95,522,4,418,405,24,38,62,85,102,340,554,282,818,547,583,549,69,274,427,406,126,619,545,731,177,134,796,607,174,649,161,580,721,623,399,110,504,330,802,94,761,618
389,641,236,374,329,759,583,805,627,64,248,120,585,614,532,527,368,516,708,502,12,667,755,510,717,246,685,620,247,438,611,356,231,392,623,524,198,722,535,394,468,60,662,555,486,576,629,706,475,597,674,256,274,107,814,298,764,828,439,492,769,463,719,437,24,253,278,177,694,818,433,125,416,798,529,643,713,454,351,695,364,453,55,316,114,411,81,299,634,238,495,207,359,171,165,14,272,622,15,194,465,327,338,659,282,388,104,10,824,279,476,711,773,331,776,424,34,408,367,780,787,631,633,682
165,317,262,404,669,13,782,296,312,26,710,569,608,457,533,89,384,351,774,609,392,282,369,720,116,35,391,711,462,550,511,194,164,828,738,765,154,483,145,607,334,448,224,365,114,87,571,803,771,673,455,202,275,646,587,413,482,94,184,645,173,420,461,270,342,188,590,375,308,107,589,148,566,436,301,315,605,81,785,662,203,176,492,51,452,521,595,41,743,543,159,733,676,734,366,300,27,402,484,178,651,415,284,372,129,754,62,93,40,653,625,349,172,648,272,339,45,84,429,708,370,810,431,582
561,708,723,535,701,267,190,744,547,142,753,381,335,235,615,560,284,766,714,488,97,775,781,650,627,177,352,609,736,713,584,290,503,446,281,17,393,289,691,683,672,411,590,754,345,598,673,764,77,597,392,784,172,729,52,197,689,635,208,333,757,577,816,407,370,449,610,114,76,121,595,806,662,198,670,563,608,515,519,549,20,178,189,531,342,434,593,298,424,261,107,471,168,768,100,366,719,373,406,268,325,553,221,14,444,756,799,604,717,803,254,738,331,599,458,743,748,506,275,442,820,367,542,629
696,570,528,348,561,712,803,257,217,426,796,568,54,75,687,806,210,37,133,155,473,573,126,95,595,292,476,765,799,479,176,562,34,143,7,227,241,19,597,651,823,627,414,534,369,734,512,0,715,71,261,618,249,119,784,161,679,792,725,469,419,791,647,111,49,659,318,322,536,705,697,555,52,73,516,344,400,475,793,290,472,533,769,93,141,266,46,811,23,719,756,677,374,452,565,498,626,199,576,79,786,150,157,312,417,605,779,503,801,669,718,477,407,25,170,782,548,438,188,511,233,678,620,258
475,780,282,202,264,369,558,746,232,376,547,85,705,775,133,229,506,636,25,424,220,589,427,664,172,95,431,231,411,81,254,825,392,478,236,53,514,521,471,178,789,105,742,508,206,176,549,274,747,114,187,536,305,631,593,361,792,115,162,740,52,617,221,142,750,141,791,271,801,401,426,482,628,665,710,331,765,504,368,691,378,48,3,618,230,122,41,571,637,744,388,500,298,530,432,18,121,320,239,448,799,212,62,719,276,9,59,451,466,194,784,718,10,66,190,499,517,554,310,281,68,241,58,143
8,111,748,387,510,781,388,332,282,586,563,68,83,213,115,401,690,533,728,362,585,60,809,542,706,391,445,455,192,140,219,620,722,128,656,633,108,448,346,811,615,380,74,0,425,490,647,421,702,261,547,718,759,798,571,665,51,805,1,311,578,350,582,471,127,440,398,61,616,12,378,407,169,11,134,583,211,318,174,443,105,734,651,364,76,545,824,320,373,628,204,96,467,466,450,788,181,405,284,621,555,414,715,257,762,167,657,290,324,671,107,117,248,512,676,214,176,241,170,160,80,452,334,417
735,314,509,589,480,460,619,142,750,371,821,587,24,453,526,500,656,676,267,753,440,298,621,759,636,151,277,809,523,546,760,34,709,612,7,168,286,675,761,40,406,141,75,105,311,201,196,571,350,242,558,413,822,687,211,457,667,338,248,50,767,447,468,132,738,354,780,276,181,694,187,629,463,356,580,609,703,102,819,155,275,827,138,115,634,517,438,574,498,280,497,686,395,373,542,230,393,71,715,20,779,257,72,273,776,263,724,107,193,98,197,186,660,427,68,322,179,333,599,573,228,247,348,408
517,348,244,789,540,649,170,281,553,6,280,89,375,8,513,462,797,107,718,76,548,790,366,416,240,307,258,561,166,40,339,783,434,705,269,467,70,602,179,495,414,489,371,687,594,741,234,502,515,128,812,634,387,819,156,162,235,267,659,707,715,584,271,23,706,734,558,593,331,796,38,11,75,226,798,432,164,640,199,57,51,131,22,421,359,9,333,534,473,347,816,112,137,668,288,405,398,611,504,709,752,191,114,818,528,825,699,700,236,129,431,411,249,21,811,543,727,316,84,247,824,667,161,490
555,62,351,480,672,43,497,430,199,5,286,197,276,659,520,491,363,510,230,821,227,82,207,620,190,595,607,582,490,169,411,42,1,76,693,404,653,281,91,269,147,758,540,828,705,341,206,164,524,176,557,588,552,793,506,493,680,243,399,345,669,819,138,259,248,380,277,751,151,170,80,786,111,403,408,602,358,24,421,697,64,735,581,479,13,763,429,415,589,171,407,542,45,317,251,797,235,416,814,618,22,570,118,485,212,513,211,336,586,370,331,226,333,780,90,642,702,114,451,57,273,271,373,560
614,218,446,747,720,350,62,81,153,151,381,551,181,512,777,361,149,420,208,57,221,308,694,822,125,496,116,454,39,86,708,480,425,781,175,143,43,210,171,768,130,240,698,564,778,546,738,634,355,114,773,688,677,645,441,775,298,264,368,133,728,476,340,648,702,109,440,658,561,271,233,436,632,712,590,545,574,246,649,177,780,317,788,437,603,137,129,431,146,75,26,41,670,474,744,493,508,371,372,331,719,321,348,22,261,729,745,741,202,499,198,612,676,764,37,193,294,227,466,763,74,569,656,417
330,579,584,346,650,793,659,389,4,137,653,32,674,441,144,100,377,72,684,182,810,785,197,123,227,83,807,41,487,621,817,624,476,546,484,722,509,470,601,493,290,505,45,776,157,545,551,86,577,693,200,298,29,9,677,430,813,614,228,687,724,723,686,565,712,30,212,101,500,741,154,798,454,657,311,306,536,760,286,305,773,275,230,189,81,627,417,264,590,315,87,103,458,567,17,26,237,699,547,442,50,210,326,769,47,563,559,114,689,46,274,581,167,783,655,774,365,218,797,749,287,814,522,204
740,173,136,332,371,148,522,604,40,264,451,769,508,188,704,393,558,100,826,526,57,66,628,307,478,676,216,276,447,104,800,81,88,640,272,805,261,314,778,633,790,562,489,528,768,426,502,275,431,189,495,646,141,690,425,729,238,610,387,496,642,311,423,539,694,215,441,375,809,473,620,775,506,19,497,410,575,237,750,349,228,195,440,663,819,295,715,608,316,171,717,510,214,798,355,334,617,126,106,802,504,645,154,444,27,782,686,246,763,543,708,353,172,162,201,143,22,657,169,587,466,551,125,377
709,566,217,299,482,479,557,580,652,516,522,262,294,610,318,684,100,248,263,450,399,58,593,661,631,535,65,416,146,762,408,354,30,671,350,185,812,345,331,51,153,565,428,264,212,296,128,608,236,621,329,644,80,84,208,616,508,37,410,794,825,487,197,464,397,448,417,622,813,584,716,433,193,773,720,737,198,811,155,239,430,192,406,429,602,705,214,483,625,184,342,679,655,85,370,738,95,6,133,677,581,511,71,43,97,638,701,52,787,170,732,471,343,368,403,764,789,765,548,648,751,21,199,42
113,574,539,824,711,585,212,336,424,422,172,495,394,12,99,121,301,359,145,533,141,409,825,561,776,719,640,773,520,249,491,308,781,57,384,312,335,266,223,337,84,134,477,326,428,678,812,431,590,659,295,764,525,375,698,385,408,653,51,319,756,474,402,664,694,202,115,740,151,92,656,646,695,131,638,95,626,619,543,473,753,6,169,552,489,279,274,179,569,148,775,605,86,395,455,147,639,65,397,74,440,548,788,119,420,18,89,583,332,438,136,683,559,246,281,746,787,34,37,443,421,55,551,806
13,232,182,538,383,213,95,523,650,785,553,244,107,131,50,566,580,306,325,106,137,215,608,386,335,123,765,799,517,807,604,331,533,124,609,26,508,815,393,801,316,172,781,161,574,216,188,681,827,14,701,345,341,214,290,409,459,514,279,192,672,334,59,127,156,204,485,359,132,311,136,728,196,445,154,583,424,360,298,90,722,498,530,458,787,539,111,770,227,353,605,769,592,125,558,561,75,170,296,30,313,700,773,824,735,19,389,743,521,653,455,804,186,710,29,36,147,417,230,87,675,545,772,436
641,168,587,285,301,630,3,471,21,601,494,613,269,19,344,276,373,753,710,713,265,94,346,141,579,190,95,207,534,665,225,289,692,324,785,371,11,316,117,761,267,743,4,762,234,292,247,75,640,776,759,235,541,226,508,618,442,201,412,740,327,483,214,314,66,163,159,253,106,477,567,599,257,261,232,364,668,121,466,558,195,319,553,801,311,26,58,204,138,473,409,796,727,648,793,115,427,294,423,725,649,700,277,1,629,299,263,653,635,658,535,308,268,169,146,674,497,702,489,446,791,420,143,468
589,2,332,357,263,543,706,271,262,696,779,69,500,732,736,484,42,175,301,144,259,791,528,93,364,772,517,539,308,148,549,753,373,430,561,617,764,615,742,235,599,375,766,687,267,324,126,787,519,494,653,740,460,529,548,483,317,291,533,486,258,87,300,250,212,280,124,63,664,646,293,493,495,542,8,774,581,253,349,286,381,728,767,671,190,737,337,315,80,274,73,165,353,558,213,788,424,380,231,547,361,472,52,807,713,254,778,415,47,427,783,58,796,325,746,199,239,703,423,429,805,650,292,311
33,621,447,213,599,617,778,466,231,600,203,789,4,592,825,472,734,769,619,318,613,605,554,590,729,475,106,484,721,267,184,227,488,567,419,253,609,582,746,463,414,262,492,16,9,293,297,362,560,760,405,483,774,598,103,320,630,143,346,481,708,163,384,182,99,48,351,751,367,519,361,823,41,809,631,50,382,737,539,642,280,303,489,580,716,214,536,135,34,456,476,314,792,349,60,66,98,461,772,398,828,608,543,140,418,618,736,561,520,565,555,273,604,193,661,793,104,784,158,226,658,397,441,625
422,377,486,8,376,354,519,223,162,556,386,645,568,793,750,195,125,88,98,442,105,330,571,650,537,338,320,507,138,21,534,573,496,190,148,131,530,528,362,50,401,141,720,122,192,540,418,214,120,450,539,187,783,388,417,554,273,235,282,619,786,812,38,37,577,60,219,460,310,689,763,431,764,770,803,371,736,688,46,457,758,608,28,531,461,285,591,798,664,335,824,463,741,392,437,818,334,368,495,176,228,421,811,536,428,217,274,57,48,733,713,588,11,1,775,27,675,220,254,210,22,670,82,524
519,480,458,428,395,301,248,502,203,804,492,286,72,174,61,107,662,825,698,337,736,578,526,483,750,442,349,347,266,221,583,137,606,330,491,692,131,794,744,783,494,414,15,611,447,446,31,615,378,393,260,335,523,309,263,764,551,355,779,444,2,438,738,312,75,672,201,353,547,250,168,501,705,628,81,449,99,468,44,180,304,121,620,0,151,357,655,310,821,40,104,587,445,575,331,641,816,713,673,158,314,609,636,489,112,366,282,108,746,176,285,808,708,233,195,524,757,100,251,539,711,807,730,305
176,273,226,209,353,534,539,47,448,65,374,423,496,517,472,152,745,812,473,61,524,264,559,783,470,630,301,321,703,231,322,674,605,197,195,424,390,131,323,167,649,221,667,123,717,359,582,608,110,627,377,287,468,224,218,148,87,115,128,686,332,816,417,236,544,658,284,393,497,507,625,664,805,292,396,652,242,481,512,673,130,640,217,333,443,281,692,53,696,290,77,436,677,574,618,771,194,39,145,811,668,738,44,127,346,427,251,714,159,626,265,330,403,347,193,815,13,29,787,802,289,435,395,818
729,803,678,15,374,700,393,776,640,745,92,661,469,291,370,788,352,397,64,404,637,716,790,174,216,43,481,272,760,701,222,398,218,584,679,488,636,491,127,730,263,473,684,419,241,795,262,759,638,72,275,629,296,813,775,503,822,76,47,544,362,543,454,160,515,649,304,293,600,711,576,269,555,449,777,800,573,278,83,731,787,663,626,801,536,713,497,213,42,669,630,108,542,51,239,457,762,764,705,100,814,714,427,702,41,719,228,124,513,369,747,214,102,156,767,297,45,201,699,688,685,752,253,821
439,470,424,77,410,549,315,516,212,245,694,579,105,643,303,358,599,519,272,783,558,642,252,295,473,507,195,779,92,10,293,638,167,178,1,191,480,455,444,490,27,461,266,255,224,775,777,401,407,745,223,189,237,102,231,649,327,33,562,239,812,356,517,343,795,283,380,699,247,147,717,309,452,815,443,24,308,475,6,651,810,725,128,826,674,546,763,151,425,676,345,81,586,477,359,36,704,230,26,385,418,428,761,174,616,144,690,671,360,706,59,177,512,362,260,279,590,434,267,63,198,179,0,368
270,555,366,312,11,508,709,712,495,255,611,96,23,659,41,598,64,87,498,795,640,778,541,355,243,739,607,217,150,7,205,435,115,432,813,298,4,434,695,229,765,748,724,142,398,2,509,321,553,801,120,104,12,59,278,281,412,809,816,39,46,563,815,320,621,430,78,810,5,300,176,159,524,635,512,700,147,277,151,178,466,107,126,368,85,228,146,262,462,184,730,705,761,754,170,493,775,289,79,293,518,744,770,220,532,662,516,487,8,253,367,55,314,84,149,61,97,181,108,539,819,663,239,257
670,265,138,467,784,129,105,816,399,125,497,783,646,183,493,769,719,821,591,27,364,434,142,573,713,743,506,344,519,811,544,810,651,757,251,727,182,359,662,583,72,354,31,309,565,527,379,685,307,199,133,283,350,448,731,0,121,293,54,751,127,745,154,286,770,22,372,280,18,753,702,69,410,502,547,413,245,586,417,790,794,604,524,75,12,587,450,339,684,16,352,101,288,724,756,674,223,242,425,176,80,107,196,613,78,109,113,272,140,636,360,416,155,495,329,394,749,363,232,667,338,201,393,577
53,822,561,245,521,760,763,399,558,728,744,134,429,52,618,62,486,217,278,363,610,446,5,34,256,41,547,186,20,284,749,324,585,532,510,325,689,424,792,319,68,412,323,112,457,488,164,230,554,368,765,454,477,83,772,103,653,727,583,192,48,336,251,462,46,190,333,596,688,794,647,757,735,820,730,277,37,631,686,784,276,463,10,708,804,335,574,600,684,295,74,496,753,778,282,296,418,712,507,445,473,557,172,350,367,516,170,155,751,209,370,559,705,575,100,641,29,577,266,440,328,718,402,662
143,530,300,438,508,816,301,668,293,464,129,723,253,501,28,68,815,299,305,219,529,556,535,817,260,186,334,553,225,406,738,543,711,463,198,319,153,822,294,355,645,145,189,459,390,335,568,494,562,572,524,589,440,348,630,407,296,343,371,673,729,336,682,218,804,528,564,356,340,303,810,118,396,475,342,402,706,754,750,725,662,275,86,349,359,720,100,114,112,375,98,63,466,291,545,337,213,254,384,496,297,759,770,421,216,323,628,257,378,27,597,473,512,55,168,361,152,698,540,691,743,643,486,626
665,49,147,387,601,245,798,87,508,358,586,585,224,614,31,605,629,101,189,41,71,370,403,443,9,480,290,530,623,280,131,448,227,6,347,167,350,707,191,813,412,11,153,51,526,177,376,751,686,680,790,46,150,378,259,199,302,82,709,201,456,654,740,518,472,315,279,25,669,394,14,272,225,124,285,383,400,219,369,108,788,812,523,647,278,165,620,415,55,211,237,441,72,635,735,294,176,62,254,348,700,395,727,12,84,414,555,261,769,393,45,399,407,494,697,607,778,677,534,566,687,705,173,210
105,729,182,189,713,701,155,160,47,265,126,592,65,342,777,588,270,547,274,52,754,314,319,271,355,585,112,730,757,507,806,201,8,697,731,269,531,499,177,548,551,124,138,735,732,617,277,739,116,725,490,532,153,200,815,688,525,814,61,634,813,571,327,664,504,207,458,241,272,202,828,246,39,226,299,121,603,184,70,375,533,691,203,820,58,659,749,213,2,768,237,487,469,227,363,486,495,470,789,461,742,434,302,283,186,41,136,767,600,330,667,818,473,304,205,479,262,534,233,13,394,782,577,772
115,162,807,639,794,170,760,142,658,251,76,94,542,16,475,298,63,616,72,123,762,591,798,319,594,527,660,105,609,643,378,339,588,358,789,765,782,396,821,777,773,318,502,424,188,102,589,313,54,730,818,664,645,183,692,716,426,445,101,238,261,533,669,58,311,721,633,491,567,484,152,402,817,703,351,738,314,262,30,518,366,379,478,128,515,569,704,148,735,796,458,752,226,383,486,506,493,20,353,216,522,418,228,746,217,107,792,734,361,619,466,536,822,51,265,245,420,371,500,802,35,221,70,203
203,225,778,400,603,18,625,679,385,644,651,721,828,678,726,178,422,465,804,155,282,627,389,476,403,519,674,551,434,733,200,819,444,229,124,681,6,461,288,123,34,180,382,160,93,751,810,483,601,558,572,320,566,132,573,147,600,193,652,808,776,19,300,47,90,514,394,80,338,622,703,521,762,242,373,442,3,561,30,658,237,144,563,689,820,199,284,539,578,179,196,332,722,560,487,336,48,480,585,184,756,100,743,773,135,568,433,343,323,296,690,24,636,478,491,49,527,379,87,108,717,41,285,699
427,528,192,596,458,552,653,2,308,721,307,338,539,25,718,139,424,184,498,6,315,149,357,561,163,111,671,655,293,52,160,271,584,680,177,827,582,265,635,811,74,393,3,257,22,707,279,780,525,568,287,565,459,522,13,260,590,360,65,768,792,284,816,793,813,186,464,800,310,497,179,81,126,254,545,742,672,421,373,185,167,489,370,304,717,5,204,556,558,817,90,791,733,37,374,516,225,505,690,468,353,701,562,116,230,127,425,327,593,59,206,346,78,107,577,250,64,711,540,340,4,386,369,150
