33,439,494,15,211,473,503,284,164,35,501,335,77,255,369,45,430,142,363,390,431,290,268,467,178,310,371,136,518,245,450,314,192,22,298,2,120,68,99,481,465,155,274,187,395,459,122,160,341,281,230,223,240,541,334,299,166,432,256,80,521,114,537,495,18,16,254,154,418,516,336,36,273,437,41,76,196,520,191,307,466,57,397,497,49,226,85,413,97,517,221,212,228,125,348,140,73,316,267,91,61,514,233,474,84,338,332,420,89,398,90,512,458,177,167,222,480,506,278,364,508,169,163,124,40,134,229,207,507,81,199,253,344,123,376
537,278,532,494,511,64,170,501,472,410,139,430,357,397,534,169,451,101,425,36,2,449,66,51,358,94,155,111,464,496,142,234,441,223,396,256,533,228,175,371,132,459,403,529,510,216,168,332,266,465,267,78,378,121,165,316,16,351,100,329,463,301,294,424,321,245,12,413,59,151,222,435,439,126,367,148,455,45,23,305,281,392,54,418,146,83,343,244,72,184,304,205,402,98,179,93,40,302,99,218,106,49,350,157,237,380,384,355,423,491,369,512,229,340,436,284,509,136,462,186,473,477,400,420,3,107,217,312,209,195,333,102,35,395,530
91,56,356,260,368,467,434,198,289,477,301,518,511,519,269,414,452,349,357,283,494,457,488,491,85,375,526,172,425,67,313,8,302,167,333,164,37,379,203,312,191,144,310,95,123,86,157,48,284,404,418,479,27,112,291,381,505,215,98,487,292,224,468,411,445,303,510,200,103,173,535,454,294,97,267,515,288,391,394,427,508,532,24,336,354,296,25,18,533,187,440,503,166,307,326,87,395,80,60,499,492,176,84,15,370,274,261,412,178,45,450,480,295,433,30,74,227,361,241,502,231,369,226,309,89,181,216,175,286,262,234,534,99,49,221
156,42,191,194,439,368,385,51,53,169,318,228,50,180,102,369,190,309,43,405,537,79,353,199,503,166,172,415,479,336,38,88,426,450,90,297,361,215,78,262,328,455,356,200,496,48,203,491,416,60,120,54,216,526,327,159,370,148,273,332,434,456,529,176,509,464,267,317,243,311,125,272,484,6,340,80,346,197,355,117,49,261,326,390,242,534,295,204,298,111,147,181,35,96,531,441,285,271,13,511,454,514,16,8,334,428,220,173,477,91,372,24,183,516,320,473,403,87,9,105,65,469,103,126,418,476,314,279,299,304,214,282,389,15,64
5,126,28,56,182,127,394,69,14,444,187,431,48,173,54,385,470,466,343,190,35,408,525,500,373,72,142,271,259,180,93,235,6,78,515,40,465,268,157,516,392,53,274,61,147,361,316,413,171,414,1,294,132,325,477,526,264,218,448,260,74,365,30,324,539,311,479,330,108,499,7,109,75,156,440,353,530,214,77,439,13,191,485,342,363,59,244,153,237,435,453,89,320,502,533,206,476,508,231,336,358,422,418,395,91,528,513,458,240,79,22,250,302,199,85,433,359,140,473,253,266,512,334,288,393,284,194,76,328,162,378,412,66,487,234
54,342,534,49,389,83,36,130,34,10,374,445,226,489,92,105,69,375,466,438,318,181,129,409,197,247,159,391,223,501,395,403,491,97,505,533,274,373,383,79,437,310,302,275,66,535,336,202,233,45,512,485,107,480,6,232,91,340,87,187,196,323,106,126,170,153,301,132,502,30,248,213,182,174,2,166,345,150,256,459,397,357,448,475,24,208,365,145,235,483,447,422,59,429,214,219,47,61,236,82,405,37,419,193,272,41,3,266,423,370,281,133,292,516,43,215,449,385,456,244,417,113,201,11,227,234,324,290,364,252,356,451,152,287,495
158,461,170,232,483,511,478,413,309,458,23,512,376,475,310,188,240,228,382,164,27,33,59,168,430,314,518,200,29,172,535,160,21,258,125,18,8,72,347,250,538,394,180,11,215,323,348,182,132,505,79,130,509,504,334,351,340,532,122,58,263,365,476,242,397,392,151,179,163,282,218,398,442,357,515,305,419,150,219,28,54,246,485,370,366,184,248,371,223,241,494,35,80,297,97,281,387,522,147,101,2,373,299,463,484,479,489,390,375,87,82,407,247,456,201,61,199,127,404,103,294,39,251,418,521,446,131,502,42,470,380,337,313,356,44
250,178,173,460,414,195,433,234,445,423,194,236,369,492,133,203,53,190,193,80,402,3,514,232,335,322,502,179,480,248,384,204,237,260,54,215,308,264,372,47,126,30,55,370,33,138,501,142,368,358,174,387,146,273,188,418,69,519,394,455,290,326,405,535,465,416,65,528,36,7,386,483,230,331,60,206,314,316,11,83,305,485,208,123,243,530,497,87,40,175,332,336,137,393,79,513,443,29,226,359,376,421,266,21,337,27,17,224,271,210,281,274,158,380,505,295,348,184,149,303,538,509,498,170,182,35,527,361,532,334,540,442,286,52,129
385,320,475,438,414,170,281,118,153,173,3,454,369,440,273,163,321,193,131,51,54,532,154,61,302,361,472,373,315,262,73,101,334,496,411,181,433,35,331,36,378,288,126,226,400,277,348,121,293,318,136,284,344,148,25,432,257,220,336,529,520,239,307,356,28,191,171,244,251,144,424,274,249,0,476,128,456,298,297,503,240,93,418,423,420,407,117,198,223,164,495,140,521,174,57,46,449,437,523,453,120,90,279,451,391,89,393,2,485,283,147,327,82,175,493,98,303,368,355,62,85,161,4,448,243,96,229,477,304,397,245,290,68,8,285
301,521,182,533,107,154,509,318,307,48,399,171,146,384,9,491,443,416,16,31,168,282,415,196,495,389,243,349,229,368,37,444,292,427,493,4,409,75,6,67,104,139,124,380,38,250,211,373,30,430,231,189,357,1,320,109,90,315,293,417,501,354,386,178,14,151,79,446,265,402,309,469,496,518,45,524,64,241,39,536,340,93,253,396,362,515,149,388,452,28,244,150,23,184,34,40,180,269,218,19,56,434,348,285,333,505,87,65,22,406,116,343,214,25,463,153,405,449,517,188,170,263,311,312,418,476,197,130,198,7,284,277,0,238,431
71,385,363,274,36,50,335,477,318,329,174,161,352,506,96,369,226,323,53,312,7,291,115,371,54,135,31,279,232,362,18,311,153,278,475,452,348,194,507,337,365,508,325,420,445,200,319,470,229,433,162,370,3,468,439,339,65,150,97,180,177,321,417,256,456,145,212,356,49,230,73,519,195,538,168,344,346,509,126,300,350,223,10,415,33,117,504,393,358,107,81,25,43,185,190,55,466,95,378,502,432,306,338,30,328,39,11,211,120,359,34,285,343,222,419,254,133,57,8,277,52,411,100,520,407,495,322,436,391,413,193,330,516,38,166
116,306,239,246,459,131,494,331,300,206,443,55,444,129,445,260,145,373,144,292,414,209,503,413,98,265,50,163,402,101,147,516,371,114,140,113,57,31,521,405,29,355,214,204,335,256,359,16,392,370,515,467,67,217,156,25,431,506,458,216,160,523,224,314,276,220,420,10,311,111,83,341,429,509,106,36,535,478,73,473,139,385,164,128,268,540,176,497,434,486,346,389,279,71,450,295,490,202,483,248,482,522,201,345,225,183,212,165,287,426,541,162,275,439,21,11,386,500,442,237,86,19,229,425,123,17,243,303,87,39,417,495,330,362,454
107,162,218,380,164,49,528,479,247,144,476,73,249,507,102,59,177,175,137,241,79,474,40,119,96,75,62,103,490,451,521,500,304,492,306,298,541,383,391,443,395,54,527,56,487,327,295,464,446,363,336,467,190,84,271,140,540,517,256,276,106,223,499,273,228,420,239,506,279,379,153,491,477,392,0,176,1,133,269,130,53,312,208,210,154,220,39,152,82,441,501,466,72,442,57,33,192,324,523,94,123,22,524,426,462,468,221,203,265,32,372,362,134,371,405,374,347,439,531,508,434,127,331,4,382,149,116,155,452,9,105,89,97,418,61
268,271,481,114,359,84,412,331,106,406,419,434,431,48,365,341,2,514,107,445,50,447,122,511,161,396,78,269,117,143,273,179,502,155,440,309,272,407,124,342,528,221,218,453,171,386,109,194,473,34,315,500,60,61,237,249,167,497,405,73,293,20,8,540,353,245,327,133,466,223,376,474,76,67,200,152,402,31,433,292,187,531,425,442,539,235,278,364,191,243,7,290,151,515,259,420,530,410,340,136,89,311,104,520,404,317,468,37,100,47,240,168,164,387,224,175,62,461,360,82,367,501,350,275,17,267,338,373,288,470,45,186,308,307,370
313,375,139,469,86,302,270,471,442,67,93,526,367,501,452,362,415,160,381,235,45,223,389,36,99,51,210,346,503,419,13,522,215,5,39,384,143,474,192,14,376,386,116,356,219,520,95,267,301,382,16,498,262,96,400,441,175,416,211,371,204,331,277,241,531,265,507,472,521,54,20,114,430,370,296,538,0,435,428,506,28,388,515,162,292,374,140,349,533,359,234,314,341,489,170,293,397,32,500,438,273,87,458,247,480,230,231,217,198,315,226,120,413,236,454,142,283,78,71,68,15,372,490,180,124,534,6,77,401,406,318,46,326,481,55
463,176,41,500,35,96,59,171,251,393,343,77,430,122,209,488,384,512,364,475,443,342,507,340,346,359,67,223,142,303,135,465,529,462,39,159,167,37,514,70,455,398,232,480,194,259,265,286,32,212,250,477,120,385,80,278,29,326,457,81,489,215,345,516,204,378,202,445,423,415,129,79,231,157,228,208,532,302,24,200,520,23,193,537,409,336,523,44,12,206,221,280,42,94,508,10,344,196,263,85,402,225,74,354,163,440,306,56,247,453,331,350,490,188,242,269,234,233,476,20,126,271,46,227,395,71,312,101,240,467,91,152,468,491,139
510,316,168,276,56,428,329,75,315,424,113,453,531,246,353,226,68,466,111,326,201,520,298,129,286,67,197,364,306,426,210,152,23,217,292,403,429,265,535,415,295,104,468,200,370,335,441,450,9,533,482,479,409,5,95,388,539,137,259,456,337,417,471,425,18,47,261,2,209,202,502,12,19,31,42,51,170,277,141,240,273,291,418,274,34,484,213,203,63,506,309,272,458,88,516,408,355,303,87,324,80,290,397,447,311,199,497,427,55,252,165,157,476,501,451,194,320,118,187,164,379,460,402,313,32,124,60,507,307,266,263,184,258,354,251
12,510,246,247,438,356,231,392,524,198,394,468,60,486,475,256,274,107,298,389,439,492,520,463,437,24,253,278,177,248,433,62,208,305,264,407,321,536,227,175,421,511,347,182,226,27,158,57,205,451,417,40,149,317,119,538,103,179,85,82,7,136,311,481,97,404,232,163,458,169,329,141,194,52,5,164,139,238,355,489,165,137,212,17,204,183,237,30,315,316,341,482,495,131,202,334,6,391,431,148,156,13,518,284,304,228,266,44,192,502,387,517,196,419,470,184,360,58,473,195,521,535,275,255,477,450,416,369,382,77,241,72,303,167,224
224,365,114,87,35,455,202,275,413,482,94,184,173,420,461,270,342,188,375,308,107,148,436,301,315,81,540,203,176,492,51,226,260,297,374,20,509,271,462,79,422,418,366,338,367,475,423,503,183,150,402,448,13,201,242,89,325,207,142,186,64,512,31,46,387,414,506,474,326,312,174,86,370,324,136,494,399,169,22,42,214,354,185,401,293,215,392,291,280,460,361,267,350,133,95,372,273,71,376,190,167,117,307,453,433,483,383,357,431,244,48,477,390,485,313,88,513,304,368,356,292,145,251,223,140,8,196,144,533,345,341,336,205,491,295
345,77,392,541,172,52,197,208,333,335,407,370,449,114,76,121,530,198,515,519,20,178,189,342,434,298,424,261,107,471,168,185,50,183,359,186,203,451,438,134,162,461,394,364,276,110,467,7,222,331,356,302,358,88,127,53,165,299,229,393,217,10,253,137,357,221,273,508,271,314,348,285,264,174,443,280,491,401,128,108,213,398,284,27,37,343,403,105,18,66,540,236,286,63,47,297,146,238,382,416,399,239,488,281,17,418,71,3,113,120,9,516,325,465,423,313,207,267,184,367,256,0,477,35,404,130,309,124,59,427,80,339,432,362,234
419,19,111,49,318,322,52,73,516,344,400,475,227,290,472,469,93,141,266,46,37,23,535,374,452,498,199,79,414,150,157,156,208,302,388,35,251,55,484,480,334,359,238,203,12,85,387,256,274,219,474,518,94,255,116,339,310,129,237,390,524,101,132,184,279,373,487,441,188,273,42,352,495,66,114,253,537,497,212,110,432,413,294,213,332,86,47,215,115,205,40,424,127,502,196,239,118,26,257,418,260,513,235,89,438,519,371,254,103,410,88,493,412,137,476,460,57,525,268,152,315,296,180,443,425,398,81,370,444,308,462,71,375,70,491
271,231,401,426,482,331,142,504,368,378,48,3,230,122,41,529,388,500,298,432,18,121,320,239,448,81,212,62,276,9,59,538,506,225,233,402,97,103,539,369,534,5,33,95,249,477,440,258,379,277,155,140,404,34,120,29,71,4,55,374,193,255,390,194,166,141,293,281,488,527,106,57,200,460,345,266,364,181,292,30,464,541,353,195,222,227,96,509,70,435,109,310,361,64,421,328,316,409,54,413,224,173,466,307,190,37,0,515,245,323,210,351,130,273,359,493,451,285,332,25,468,452,491,289,175,291,235,63,220,199,462,308,6,399,189
407,169,11,134,211,318,174,443,105,364,76,510,320,373,204,96,467,466,450,181,405,284,414,257,398,167,290,324,107,117,248,256,338,513,418,88,120,85,80,40,226,457,516,208,367,157,254,294,240,230,309,71,375,185,490,293,12,501,263,250,328,509,479,133,376,220,149,431,310,379,536,435,75,138,477,455,261,449,273,380,17,354,306,3,84,143,337,462,20,203,70,429,37,52,155,402,100,98,423,285,175,121,279,206,491,428,343,533,389,433,228,333,540,124,25,383,223,234,66,369,177,441,468,90,347,93,314,231,178,515,304,408,351,51,488
155,275,314,138,115,517,438,498,280,497,395,373,230,393,71,20,242,257,72,273,263,107,193,98,197,186,427,68,322,179,333,399,433,299,286,420,114,123,174,204,258,487,503,122,394,270,324,85,140,276,3,493,44,187,4,256,407,430,231,398,53,359,38,274,531,183,208,120,447,153,129,533,83,526,169,391,217,413,352,134,421,233,35,301,89,247,207,244,185,343,297,370,416,117,251,524,64,450,317,519,491,78,81,448,133,329,353,357,292,419,389,135,11,435,367,279,397,296,165,465,19,5,37,113,467,216,82,320,99,28,25,65,466,429,210
359,9,333,534,473,347,375,112,137,288,405,398,504,164,191,114,280,495,236,129,431,411,249,21,107,527,316,84,247,161,490,277,31,175,240,336,518,487,248,215,99,2,143,470,98,138,457,329,260,439,245,181,255,115,459,502,113,41,103,310,95,297,428,303,291,491,514,205,505,0,38,469,346,202,429,326,140,45,134,73,379,270,510,433,401,352,170,408,409,483,82,262,88,278,294,276,468,389,253,246,340,121,199,172,334,500,69,522,124,190,496,535,75,85,40,460,55,201,204,301,179,12,210,348,32,367,461,290,239,6,432,214,207,447,388
171,407,45,317,251,42,235,416,520,22,118,485,212,513,211,336,370,331,226,333,90,114,451,57,273,271,373,218,446,350,62,40,76,75,190,275,497,521,256,423,388,180,74,210,466,104,28,110,154,347,31,442,511,248,58,227,19,43,354,240,529,390,87,71,21,105,470,85,384,65,120,349,282,389,410,517,369,538,177,519,518,386,344,338,322,220,457,149,132,396,184,399,66,364,238,170,324,351,443,54,456,329,280,135,116,514,316,356,295,272,287,123,445,88,375,463,158,472,436,301,68,64,215,73,37,13,20,335,237,422,246,254,185,186,165
321,348,22,261,331,437,431,202,499,198,37,193,294,227,466,109,74,417,330,346,389,4,137,32,441,144,100,377,72,182,197,505,456,61,113,406,41,429,467,392,20,243,310,16,312,238,273,242,361,254,235,300,246,145,252,539,388,78,272,405,275,43,461,288,522,515,149,14,520,414,338,215,50,307,114,343,362,493,527,282,356,433,15,485,106,469,250,370,77,498,528,328,155,153,268,455,434,143,152,423,470,408,519,115,94,40,502,313,208,132,295,157,480,51,229,283,8,369,13,118,349,495,221,25,105,163,463,23,385,281,279,383,57,344,472
274,167,365,218,305,287,144,522,204,173,136,332,371,148,534,40,264,451,508,188,393,100,531,57,66,307,478,216,276,447,104,223,526,44,320,519,153,130,157,389,316,502,488,281,244,525,431,384,213,251,137,215,94,247,323,464,70,345,212,364,119,537,193,248,321,155,211,269,347,107,220,187,263,236,310,382,484,253,9,515,205,536,118,375,174,114,97,471,373,331,132,147,409,357,304,158,85,442,358,255,472,510,177,540,427,308,63,53,429,108,410,252,322,77,222,13,492,343,123,441,271,354,176,416,399,86,81,520,449,71,11,328,84,293,233
125,377,217,299,482,479,516,522,262,294,318,100,248,263,450,399,58,65,416,146,408,354,30,350,185,530,345,331,51,153,428,132,106,148,64,304,485,118,310,164,537,322,393,40,42,104,527,308,254,18,205,175,149,243,98,232,198,224,208,311,384,342,292,358,445,457,216,96,494,360,368,99,433,124,77,119,215,474,203,214,398,420,301,352,107,241,312,92,171,339,327,497,481,517,453,47,3,66,338,290,255,35,21,526,48,319,518,26,282,85,461,406,446,235,447,405,184,201,505,25,486,274,324,468,10,470,439,56,287,269,355,536,509,168,212
422,172,495,394,12,99,121,301,359,145,141,409,520,249,491,308,57,384,312,335,266,223,337,84,134,477,326,428,534,431,295,382,479,262,187,440,472,498,439,349,192,204,515,25,159,378,453,386,538,418,237,201,332,399,347,466,101,525,370,75,46,398,387,328,323,487,65,319,442,530,47,459,313,309,510,271,236,471,539,3,518,452,276,434,244,139,137,89,284,413,74,524,507,302,43,197,227,73,379,474,32,198,365,37,220,450,274,42,59,509,210,9,44,291,166,219,68,341,279,123,421,140,461,67,17,18,221,390,488,512,363,27,275,417,6
232,182,538,383,213,95,523,244,107,131,50,306,325,106,137,215,386,335,123,517,526,331,124,26,508,532,393,521,316,172,161,287,108,94,340,487,116,7,429,350,512,459,170,533,145,204,437,229,257,139,96,336,167,29,413,63,78,455,102,399,242,469,179,453,515,66,155,539,68,364,98,222,77,291,435,212,180,149,45,361,378,249,457,265,494,86,269,55,492,113,389,176,302,491,296,62,279,280,474,37,85,148,525,15,156,502,496,398,367,191,446,9,194,484,260,326,227,418,489,400,93,355,14,18,73,382,208,115,43,337,272,500,218,320,84
285,301,3,471,21,494,269,19,344,276,373,265,94,346,141,190,95,207,225,289,324,371,11,316,117,267,4,234,292,247,75,320,388,488,457,379,517,495,270,113,456,254,309,221,100,206,481,370,493,163,241,107,157,479,33,81,79,126,454,53,439,238,283,394,299,128,130,116,182,334,440,60,233,279,97,410,509,159,532,103,155,13,441,29,102,69,236,204,528,363,521,185,57,213,147,395,520,432,211,362,451,350,138,0,314,149,131,326,317,329,516,396,154,134,84,73,365,445,337,248,351,244,223,374,158,210,71,514,294,1,166,178,435,271,353
271,262,69,500,484,42,175,301,144,259,528,93,364,517,308,148,373,430,235,375,267,324,126,522,494,460,483,317,291,486,258,43,150,125,504,106,395,140,62,31,332,323,146,246,247,541,4,274,290,519,174,427,143,190,434,529,402,510,335,95,368,168,157,40,137,36,82,176,279,506,299,212,488,115,273,438,450,180,236,26,307,356,127,326,441,442,457,207,394,23,213,162,29,360,186,465,537,371,99,512,391,367,119,366,351,211,214,46,325,499,155,16,310,223,472,471,527,389,233,468,300,101,453,2,296,490,463,440,384,309,159,306,407,302,277
475,106,484,267,184,227,488,419,253,463,414,262,492,16,9,293,297,362,405,483,103,320,143,346,481,163,384,182,99,48,351,375,183,443,259,180,462,308,20,159,315,25,191,368,434,269,321,140,453,151,244,416,470,290,358,107,456,400,268,67,17,228,493,238,157,304,174,30,423,33,49,230,501,199,528,476,464,271,70,459,209,309,458,466,280,260,282,277,136,407,302,96,330,126,52,4,79,113,439,329,388,198,379,220,312,211,188,243,446,435,177,507,111,81,278,193,322,284,396,510,97,62,44,471,221,447,165,285,325,522,169,160,533,69,10
534,496,190,148,131,530,528,362,50,401,141,122,192,418,214,120,450,187,388,417,273,235,282,125,38,37,60,219,460,310,515,215,405,288,531,169,185,368,344,513,23,228,30,304,415,14,377,265,230,142,491,295,267,332,167,484,188,231,489,196,218,193,487,469,184,247,88,376,114,210,399,451,44,268,367,378,527,108,137,28,24,480,356,407,294,5,0,414,194,13,337,110,359,127,432,105,11,335,41,262,259,240,229,465,197,150,124,251,101,402,246,143,36,87,499,53,331,438,349,168,504,289,263,241,375,221,174,173,133,525,291,68,303,165,245
131,491,494,414,15,447,446,31,378,393,260,335,523,309,263,355,532,444,2,438,312,75,201,353,250,168,501,81,449,99,468,22,90,398,152,375,60,310,0,520,178,327,155,251,20,52,293,222,287,388,165,320,36,356,336,79,524,426,157,304,318,244,56,183,141,54,533,504,88,431,142,539,354,116,97,400,262,517,50,125,269,538,421,358,463,466,289,377,451,487,507,473,136,113,104,432,176,267,461,23,224,32,187,211,248,258,236,76,372,433,435,30,465,132,279,391,423,235,315,150,160,351,115,161,337,302,98,467,212,195,65,418,83,324,110
123,359,110,377,287,468,224,218,148,87,115,128,332,496,417,236,284,393,497,507,540,292,396,242,481,512,130,217,333,443,281,346,26,469,348,524,145,38,404,534,338,537,309,57,470,97,19,72,473,461,166,334,484,504,22,63,173,387,213,125,357,79,313,415,132,165,201,485,96,258,6,14,539,442,150,376,434,144,514,197,187,424,364,401,414,339,7,492,451,350,196,388,320,445,372,46,412,330,234,505,185,394,176,198,32,202,318,358,395,532,108,21,240,136,380,527,452,111,199,109,520,456,244,407,435,245,486,365,131,526,342,209,120,421,413
72,275,296,263,538,503,393,76,47,362,454,160,515,304,293,269,449,278,83,473,272,497,213,42,108,51,239,457,528,100,370,442,357,519,351,20,359,114,62,256,184,331,487,107,471,516,78,271,148,22,512,424,509,349,344,407,342,286,126,438,493,219,235,212,38,205,274,459,437,157,258,106,122,347,289,52,321,151,179,299,259,136,391,412,279,465,483,147,236,253,97,389,46,5,146,319,523,89,0,95,240,227,222,245,415,13,230,133,127,112,387,388,200,203,372,111,94,118,496,115,324,163,522,16,281,119,462,178,520,171,444,141,190,488,123
147,309,452,443,24,308,475,6,272,128,424,283,151,425,345,81,477,359,36,230,26,385,418,428,174,144,360,59,177,512,362,130,139,295,518,217,133,31,99,89,0,184,135,277,414,183,156,5,254,354,356,247,127,305,48,11,329,20,299,32,43,249,397,320,439,389,412,270,513,121,369,539,303,108,75,3,102,399,506,57,429,431,216,483,497,149,2,463,347,114,382,374,511,71,199,1,493,160,276,468,60,52,534,29,509,140,206,459,486,19,23,281,485,444,310,215,39,480,455,150,520,88,79,262,317,256,350,73,408,138,467,502,233,53,63
368,85,228,146,262,462,184,498,512,170,493,59,289,79,293,518,540,23,220,516,487,8,253,367,55,314,84,149,61,97,181,531,54,269,127,331,457,479,119,434,128,504,335,132,69,233,392,64,414,52,408,199,62,248,391,454,470,323,91,246,384,359,471,455,425,476,484,295,452,13,182,217,71,286,356,371,519,172,458,259,406,475,272,474,325,378,125,363,483,179,506,291,36,177,15,154,282,431,263,189,342,153,99,66,141,175,224,365,0,60,538,27,375,63,372,77,491,143,430,11,186,140,9,376,415,351,34,205,251,273,206,122,527,208,451
251,524,75,12,450,339,16,352,101,288,410,223,242,425,176,80,107,196,78,109,113,272,140,360,416,155,495,329,394,363,232,484,333,169,100,540,532,26,411,458,280,476,122,260,380,381,199,279,364,500,421,372,481,67,431,473,412,214,504,309,31,243,108,139,181,305,470,530,2,17,452,128,20,273,93,10,142,374,162,292,266,255,463,344,429,212,502,159,34,419,206,161,56,228,444,244,82,115,277,184,382,227,238,41,386,51,326,512,291,96,24,168,125,231,23,95,166,298,455,460,323,378,367,494,365,138,497,18,315,343,448,517,428,5,354
256,335,295,74,496,277,462,282,296,418,507,445,473,172,350,367,516,170,155,209,370,100,29,266,440,328,521,402,143,300,438,254,408,150,453,334,435,461,146,232,64,361,467,466,126,250,463,14,34,537,149,152,109,264,278,267,500,130,93,419,167,276,415,112,530,203,369,271,355,231,99,159,416,76,508,147,177,322,72,514,94,229,427,195,481,284,247,281,392,286,262,294,220,174,315,476,148,171,185,336,404,364,459,168,341,489,484,488,534,178,524,151,490,59,198,237,444,201,353,425,375,362,331,137,43,448,179,360,50,57,56,187,49,31,233
291,337,213,254,384,496,297,303,371,421,216,323,257,378,27,473,512,55,168,361,152,528,486,49,147,387,245,87,508,358,224,307,15,302,314,420,50,94,20,35,185,201,221,4,240,145,472,265,311,140,463,65,511,113,3,173,83,175,465,435,353,95,513,206,5,406,76,25,408,263,433,88,188,375,343,340,405,480,23,75,189,129,99,151,41,354,100,228,327,370,415,259,236,437,157,139,12,423,334,197,526,422,401,7,136,112,62,142,424,191,200,109,184,390,54,478,399,507,261,400,530,402,446,82,377,310,207,373,527,105,118,220,36,317,441
294,176,62,254,348,395,536,12,84,414,261,201,393,45,399,407,494,191,173,210,105,182,189,155,160,47,265,126,65,342,270,273,137,26,377,455,157,159,135,177,292,56,365,434,378,253,504,100,4,537,470,491,499,134,515,249,88,274,275,539,466,69,429,367,366,308,463,138,403,369,481,58,362,245,266,76,525,171,425,344,262,467,30,317,541,285,163,332,252,103,229,120,136,101,52,123,19,388,113,149,60,427,301,92,35,187,460,345,448,417,23,29,329,436,106,1,457,118,243,234,443,181,423,247,235,484,230,428,217,373,151,141,93,20,68
330,126,473,304,205,479,262,534,233,13,394,277,525,115,162,170,142,251,76,94,16,475,298,63,72,123,319,105,378,339,358,531,382,398,391,198,71,388,386,159,409,524,212,467,462,522,51,294,156,27,365,38,332,322,435,91,346,511,213,222,50,119,130,266,387,334,487,29,155,360,316,245,283,242,523,477,201,47,420,351,175,369,157,432,131,15,509,259,183,189,239,64,426,257,284,352,74,367,494,229,459,431,113,191,243,253,246,10,176,108,261,209,114,451,458,53,423,443,437,180,309,533,268,460,469,25,374,132,122,507,210,185,250,541,381
35,221,70,203,538,225,400,18,385,537,178,422,465,155,282,389,476,403,519,434,200,444,229,124,6,461,288,123,34,180,382,80,46,375,201,392,391,241,300,449,279,286,160,283,404,66,500,73,503,96,326,141,498,9,150,23,45,257,197,40,169,311,351,260,483,390,121,186,540,1,280,15,451,329,118,383,72,281,344,192,99,142,269,289,89,447,98,405,439,166,361,393,471,412,368,243,168,398,24,240,292,92,477,381,50,516,494,67,284,216,171,161,148,345,12,318,387,239,245,443,263,189,43,54,427,20,460,349,213,264,492,298,523,276,491
2,308,307,338,25,139,424,184,498,6,315,149,357,163,111,293,52,160,271,177,265,534,74,393,3,257,22,279,287,459,13,130,295,180,434,32,384,291,142,269,264,69,382,93,232,146,155,248,451,89,426,40,63,127,379,272,371,336,210,186,92,442,83,389,244,185,152,358,541,102,386,278,514,436,169,45,132,366,18,187,425,258,112,252,345,452,234,176,350,281,58,115,401,489,212,528,296,29,103,173,39,53,288,125,506,433,355,270,170,473,430,193,520,75,312,205,19,501,339,57,460,153,441,216,158,275,381,505,405,298,223,388,446,174,17
115,156,4,509,38,357,277,276,231,304,125,310,165,81,436,402,168,134,166,161,271,223,66,298,504,48,485,287,27,37,473,399,224,517,233,320,439,318,130,205,46,182,76,481,173,15,268,523,435,492,16,476,183,243,82,475,521,528,197,121,178,52,428,520,154,369,127,541,111,299,382,25,71,227,40,86,208,532,51,427,221,88,61,226,291,282,376,30,259,392,494,123,319,211,368,28,70,139,461,24,219,371,107,133,378,257,519,56,198,157,403,508,214,449,450,68,326,389,510,540,131,393,149,176,370,78,459,417,10,471,117,194,230,138,418
248,175,155,357,126,535,32,265,373,313,426,200,249,328,121,280,362,94,360,63,449,93,185,381,19,538,316,66,258,69,300,70,474,340,424,176,297,129,262,257,540,215,322,354,363,425,57,207,463,196,188,443,109,51,277,199,116,87,404,204,266,371,284,241,468,279,237,387,353,244,230,423,254,455,184,232,315,145,89,374,403,192,133,366,166,307,283,370,74,527,37,275,81,323,103,267,445,64,211,333,462,489,375,102,533,40,514,348,382,181,407,400,397,161,411,326,219,416,350,61,499,8,534,441,496,510,341,304,43,42,60,293,458,33,500
535,450,237,209,335,92,364,70,273,459,516,152,220,468,60,303,279,158,362,224,418,82,255,317,399,95,513,16,208,194,302,160,446,79,129,529,187,483,277,78,274,112,449,232,99,110,519,412,130,522,326,142,429,518,306,46,83,351,248,10,101,133,525,408,5,178,141,441,199,377,74,352,86,9,508,115,422,26,126,31,503,331,173,8,229,488,96,524,120,472,365,59,537,239,288,494,517,376,396,465,81,405,385,55,292,312,103,212,539,244,94,505,528,267,222,191,282,272,538,174,164,252,353,387,256,403,342,64,41,151,490,51,53,444,475
