292,16,219,247,295,7,105,236,416,251,421,142,334,415,82,17,266,250,167,38,127,381,184,22,215,440,71,308,181,195,478,145,423,345,134,233,89,351,155,338,185,68,467,393,477,122,225,314,192,479,298,2,120,461,99,464,274,187,395,457,160,341,281,230,223,240,33,490,299,166,432,256,80,114,211,443,18,501,254,154,418,310,336,36,273,41,76,196,290,191,307,494,57,397,444,49,226,85,97,178,221,212,228,125,348,140,73,316,267,91
442,61,136,233,154,84,338,332,482,420,89,398,90,245,395,177,167,222,114,2,278,364,22,169,459,163,124,40,134,229,207,298,81,199,445,253,344,457,123,376,268,139,266,247,308,255,32,85,250,345,236,205,69,215,277,299,178,275,198,454,359,497,286,225,50,212,424,18,1,224,274,33,25,179,47,77,55,311,232,409,248,71,234,223,396,256,228,175,371,132,403,357,493,216,168,495,460,267,78,378,121,165,316,16,351,100,329,301,294,321
245,12,413,59,492,151,222,435,439,126,367,148,455,45,23,305,467,281,392,54,418,146,83,343,244,72,184,304,205,470,402,98,179,93,40,302,99,218,106,49,350,157,454,237,441,380,384,355,423,267,369,216,229,340,457,284,464,136,487,186,499,321,400,458,3,107,217,312,209,195,415,333,102,35,395,451,408,489,421,28,178,130,476,233,436,388,466,494,383,144,238,490,150,259,255,409,134,207,226,327,174,422,371,141,247,228,478,300,502,42
353,276,368,187,410,369,207,466,406,86,308,212,500,288,33,304,433,375,428,156,8,302,167,333,164,37,379,203,312,191,144,310,95,123,493,157,48,284,404,418,27,112,291,381,477,215,98,460,292,224,411,445,303,482,200,103,173,434,294,97,267,414,489,391,394,427,480,24,336,354,296,25,18,289,499,475,166,307,326,87,395,80,60,471,464,176,84,15,370,274,261,178,45,437,453,295,452,30,74,227,361,241,474,231,497,226,309,89,181,216
421,422,175,489,286,262,234,198,99,49,221,328,78,21,477,440,95,327,324,97,291,219,465,406,461,184,498,192,25,309,26,84,159,114,474,296,90,51,325,289,488,428,486,154,435,499,202,306,390,481,39,176,388,494,251,83,86,207,414,385,239,397,168,19,88,426,466,297,361,215,490,497,491,356,200,48,203,416,60,120,54,216,369,485,470,370,148,273,332,50,451,267,317,243,311,125,272,425,6,340,80,346,197,355,117,493,261,326,454,242
51,295,463,204,298,111,147,181,35,451,96,318,441,285,271,13,38,499,415,16,8,334,428,220,173,426,470,91,372,24,183,166,320,243,403,87,9,105,65,148,420,103,126,460,197,314,279,299,304,214,447,282,389,15,64,2,63,14,429,28,351,394,392,475,446,354,458,34,7,338,222,378,433,93,319,215,473,493,86,27,359,192,296,235,233,171,95,17,485,321,419,250,363,365,186,340,36,71,135,129,90,46,412,6,78,142,40,268,157,72
392,53,274,61,147,361,316,413,171,414,1,294,132,325,477,385,264,218,448,260,74,365,30,324,28,311,480,330,108,500,7,109,75,156,440,353,431,214,77,439,13,191,486,342,363,59,244,153,237,435,454,89,320,72,14,206,488,78,231,336,358,422,418,395,91,173,259,459,240,79,22,250,302,199,85,434,359,140,474,253,266,180,334,288,393,284,194,76,328,162,378,495,66,478,234,27,344,494,270,267,24,416,312,397,41,357,369,18,65,17
5,476,187,222,113,337,244,427,289,469,338,370,479,46,52,34,500,413,233,219,159,90,383,64,391,322,204,278,357,276,98,348,381,123,368,79,429,195,111,441,263,306,250,351,424,418,339,197,403,97,487,274,373,480,467,437,310,302,275,66,36,336,202,484,45,447,107,6,232,91,340,87,486,196,323,106,126,170,153,301,132,448,30,248,213,182,174,2,166,345,150,256,397,474,423,24,208,365,145,235,431,59,214,483,47,61,236,82,37,193
272,41,488,3,266,423,370,281,133,292,247,460,442,43,215,483,59,385,208,435,244,417,113,201,459,11,227,234,324,290,364,252,356,214,152,287,336,79,230,85,116,241,255,293,239,206,154,383,282,229,306,388,477,256,278,188,323,360,481,237,155,94,120,114,191,308,82,271,399,426,13,277,289,409,433,16,29,84,500,389,157,425,393,100,14,86,458,160,21,258,125,18,8,72,347,250,232,394,180,450,424,446,348,182,132,410,465,130,414,429
334,351,340,458,122,58,263,365,476,242,397,392,151,179,163,282,218,398,442,357,168,305,419,150,219,28,54,246,500,370,366,184,248,371,223,241,182,35,80,297,97,281,387,164,147,101,2,373,299,478,473,491,21,390,375,87,82,407,247,471,201,61,199,127,404,103,294,435,39,251,418,27,461,429,131,250,42,485,380,337,313,356,44,125,331,89,86,230,207,360,286,462,501,216,358,117,222,211,411,118,452,359,443,475,364,66,386,457,292,336
435,378,26,373,350,267,359,407,95,96,40,368,201,326,349,276,1,309,257,470,116,404,460,353,365,461,290,446,474,167,161,440,251,453,298,320,89,409,410,240,124,192,204,237,260,54,215,308,264,372,47,126,30,55,370,33,138,451,142,491,358,174,387,146,273,188,418,69,179,394,476,489,405,416,65,442,36,7,386,433,230,331,60,206,314,316,11,83,305,502,208,123,243,236,447,87,492,175,332,336,137,393,79,431,29,226,496,376,266,21
337,499,27,17,224,455,447,271,210,281,274,158,380,308,295,348,184,149,303,69,237,370,170,182,35,453,133,361,450,485,334,178,359,286,52,129,320,192,160,482,219,207,85,140,59,76,284,316,86,433,1,227,388,411,390,486,220,136,81,464,96,487,327,343,65,25,500,448,299,454,289,492,493,77,30,294,151,180,236,474,186,157,131,36,101,472,449,181,478,331,419,378,288,126,226,400,277,441,121,293,318,445,456,344,148,437,257,446,336,369
173,239,307,356,28,191,171,244,251,144,424,274,249,476,0,497,128,456,298,297,331,240,478,93,418,423,420,407,117,198,223,164,348,140,54,174,57,46,468,437,131,472,120,90,279,470,391,89,393,450,441,2,257,283,147,327,82,175,293,98,303,368,355,62,85,161,4,467,243,96,229,498,304,397,245,290,68,8,285,150,260,91,266,302,53,77,254,320,409,383,159,295,153,24,199,438,73,192,334,333,436,428,221,208,311,291,323,447,425,15
441,474,433,298,84,497,357,395,141,207,98,302,261,306,364,247,194,121,174,276,114,184,294,435,499,18,444,292,427,4,409,75,6,67,104,139,124,380,38,250,211,373,30,430,231,189,496,1,320,109,90,315,293,417,468,354,386,178,14,151,79,265,402,309,463,196,45,416,64,241,39,154,340,93,253,396,362,243,149,388,28,244,150,23,481,34,40,180,269,218,19,56,348,285,333,87,65,22,116,343,214,25,432,153,419,462,188,170,263,311
312,458,502,496,151,197,130,470,198,7,284,277,0,238,116,492,35,192,426,276,358,181,425,137,342,279,18,25,167,298,451,339,489,159,164,87,80,176,253,48,380,184,113,161,26,326,156,378,3,263,145,57,381,383,364,185,27,67,293,442,15,139,488,481,274,9,311,153,278,348,194,337,365,434,325,420,200,319,229,162,370,454,471,65,150,97,180,177,321,256,452,212,356,49,230,73,115,195,438,168,344,346,435,126,300,350,223,10,33,117
194,393,358,107,81,25,492,43,185,190,55,344,95,378,471,337,432,306,338,474,30,328,39,11,211,120,359,34,285,343,222,419,254,133,57,8,277,52,434,411,100,291,407,319,322,436,480,427,391,454,193,330,135,38,166,308,58,153,365,119,123,229,428,65,247,487,400,165,387,150,103,221,27,472,64,429,130,72,385,186,425,289,369,399,414,413,146,340,461,326,325,261,283,207,104,251,206,363,49,132,497,498,201,276,348,50,73,265,371,114
140,113,57,31,414,405,29,355,214,204,335,256,359,16,392,370,50,467,67,217,156,25,431,501,458,216,160,144,224,314,276,220,420,10,311,111,83,341,429,371,106,36,489,473,73,468,139,385,164,128,268,306,176,492,434,481,346,389,279,71,445,295,462,202,453,248,477,292,201,345,225,183,212,165,287,426,116,162,275,448,21,11,386,495,437,237,86,19,229,470,123,17,243,303,87,39,412,490,330,362,449,53,277,376,331,395,81,424,109,457
190,312,420,397,82,364,402,24,264,239,123,72,362,343,238,328,36,394,399,331,124,253,51,29,88,332,499,345,87,68,501,120,39,237,20,59,411,48,37,418,358,392,446,433,31,480,245,427,225,470,304,306,298,107,383,391,443,395,54,102,56,327,295,363,336,502,84,271,140,162,96,256,276,106,223,460,273,228,500,493,450,279,379,153,438,425,461,0,176,1,133,269,130,53,472,208,210,154,220,453,152,498,445,414,491,57,33,192,324,137
94,123,473,450,22,175,426,130,392,221,203,265,32,372,362,134,371,405,374,347,497,420,363,492,127,331,4,462,382,149,442,116,434,155,501,9,105,430,89,97,476,61,487,135,240,57,179,472,415,42,299,336,282,361,403,206,351,165,53,479,209,217,436,390,215,302,448,488,432,395,24,489,182,170,1,257,307,444,222,277,294,262,25,308,223,461,255,292,80,198,409,39,460,58,71,358,367,341,136,456,469,309,272,124,342,48,493,218,171,386
109,194,473,34,315,221,60,61,237,249,167,171,405,73,293,20,8,271,353,245,327,133,466,223,376,481,76,67,200,152,402,31,433,292,187,419,425,442,488,235,278,364,191,243,7,290,151,78,259,420,434,410,340,136,89,311,104,454,404,317,475,37,100,47,240,168,164,387,224,175,62,468,360,82,367,48,350,275,17,423,267,338,373,288,477,45,186,308,307,370,156,291,431,69,395,234,43,330,444,456,371,135,463,497,33,46,263,183,250,226
181,207,440,330,80,190,319,117,416,357,22,417,494,432,111,194,402,18,288,49,25,363,105,469,303,173,251,209,433,367,6,235,215,5,39,384,143,192,14,376,386,116,356,219,223,95,267,301,382,16,460,262,96,400,441,175,490,211,371,204,331,277,241,93,265,468,45,54,20,114,430,370,296,0,428,467,28,388,210,162,292,374,140,349,359,234,314,341,451,170,293,397,32,462,273,87,423,247,442,230,231,217,198,315,226,120,236,419,142,283
78,71,68,15,372,356,180,124,20,6,77,401,406,318,474,46,326,204,55,231,88,306,494,475,309,381,250,425,17,48,29,279,491,342,85,125,344,196,171,38,376,388,471,215,61,104,386,438,353,244,192,307,308,256,182,237,441,263,437,221,302,442,403,464,253,434,319,424,170,173,281,179,460,323,33,111,501,420,151,67,39,159,167,37,223,70,398,232,194,259,265,286,32,212,476,120,385,80,278,472,486,81,407,459,345,359,485,378,202,129
79,231,157,228,208,393,302,469,24,200,342,23,193,35,409,336,364,44,12,206,221,280,42,94,493,10,344,196,263,85,402,468,225,74,455,354,163,470,306,56,247,484,331,350,204,188,242,269,453,234,233,378,20,126,271,46,227,395,71,312,101,240,499,91,152,500,250,139,320,431,255,158,84,423,138,28,214,164,37,437,212,463,226,421,411,391,355,123,176,113,275,34,287,281,452,55,348,466,100,260,330,149,64,410,143,387,33,98,362,382
182,489,471,402,153,266,213,105,152,23,217,292,403,429,265,329,415,295,104,468,200,370,335,441,450,9,315,409,5,95,388,168,137,259,456,337,417,425,18,47,261,2,209,202,486,12,19,31,42,51,170,277,141,240,273,291,418,274,34,470,496,203,63,490,309,272,445,88,67,408,355,303,87,324,80,290,397,434,311,199,481,55,252,165,157,463,485,438,194,320,118,187,164,379,447,499,313,32,124,60,491,307,497,263,184,258,354,251,6,333
464,377,255,358,123,342,310,498,219,305,178,115,196,311,488,262,99,361,267,197,234,462,30,331,277,243,288,314,353,237,298,337,128,137,53,440,404,266,436,433,149,382,194,494,397,246,457,231,391,359,463,218,12,126,139,396,88,347,124,216,62,208,493,264,407,321,356,227,175,421,445,182,226,27,158,57,205,417,40,481,317,119,247,103,179,85,82,7,136,489,415,97,466,232,163,169,329,141,460,52,5,164,448,238,355,423,165,469,212,17
204,183,237,30,315,316,341,82,158,131,202,455,334,6,391,431,148,156,13,355,284,304,228,266,44,192,175,387,481,196,419,141,184,360,58,17,446,195,483,231,275,255,97,495,459,369,382,77,241,72,303,167,224,112,448,404,182,57,43,285,467,385,336,227,101,428,426,137,323,293,206,454,47,92,322,86,413,210,230,135,171,94,295,187,488,441,154,53,294,74,283,218,150,157,456,302,40,466,331,438,88,246,25,226,260,297,374,20,398,271
462,79,422,418,366,338,367,475,423,502,183,150,402,448,13,201,242,89,325,207,142,186,64,491,31,46,387,414,20,326,312,174,86,370,324,136,493,399,169,22,42,214,354,185,401,293,215,392,291,280,460,361,267,350,133,95,372,273,71,376,190,167,117,307,453,433,482,383,357,431,244,48,476,390,484,313,88,176,304,368,356,292,145,251,223,140,8,196,144,413,345,341,336,205,490,295,377,172,458,299,410,382,38,298,415,405,470,364,26,98
344,317,104,166,378,288,167,447,203,452,185,224,393,305,468,57,38,405,60,388,297,492,423,331,421,99,335,281,436,396,304,257,259,274,10,89,422,433,94,265,171,217,296,374,149,212,130,53,235,478,84,481,50,183,359,186,494,438,134,162,394,364,276,110,7,222,479,356,302,358,88,127,455,165,299,229,490,461,488,253,137,357,221,273,449,271,314,348,285,264,174,280,435,401,128,108,213,398,284,27,37,343,105,18,66,77,236,286,63,47
297,146,238,382,416,399,239,88,281,17,418,479,71,3,113,120,9,298,325,356,423,451,313,207,267,184,367,256,0,357,35,404,130,309,124,426,59,477,80,339,487,362,234,393,209,486,323,55,436,24,434,329,430,159,390,161,268,352,348,277,26,36,258,172,200,237,488,145,236,266,394,460,46,70,133,23,18,11,359,442,400,338,187,226,282,249,480,99,288,39,491,75,373,78,156,208,302,388,472,251,455,334,424,500,203,12,85,387,475,274
219,474,374,94,255,116,339,310,129,237,390,141,101,132,184,279,373,497,441,188,273,42,352,387,66,114,253,318,12,212,110,432,413,294,213,332,86,47,215,115,205,40,424,127,490,196,239,118,26,257,418,260,414,235,89,448,52,371,254,103,410,88,274,412,137,486,470,57,93,268,152,315,296,180,453,435,398,81,370,454,308,472,71,375,70,451,135,463,200,468,241,314,467,355,165,420,252,488,345,189,24,1,479,309,415,61,20,285,475,377
115,449,194,250,149,265,216,9,60,436,160,119,224,40,106,31,359,138,477,366,428,4,29,426,225,233,402,97,103,401,369,474,5,33,95,249,440,258,379,277,155,140,404,34,120,480,71,481,55,374,193,255,390,500,166,141,293,281,459,41,488,57,200,345,266,364,181,292,30,493,271,353,195,222,227,96,476,70,109,310,361,64,328,316,409,54,413,490,173,438,307,190,37,0,212,245,323,210,351,130,273,486,464,424,285,332,25,432,418,462
289,489,418,175,291,235,451,63,220,445,414,199,30,308,6,399,189,203,84,5,67,431,498,105,159,428,87,221,52,367,325,182,38,272,255,160,493,186,314,102,449,48,233,460,225,307,90,202,142,466,310,277,207,357,128,491,83,328,145,162,335,53,58,124,256,338,107,500,88,120,85,80,40,226,167,208,473,157,254,294,240,230,309,71,375,185,419,293,12,429,263,250,453,437,133,376,494,149,452,379,318,75,138,407,261,273,380,17,354,306
3,84,143,337,380,20,203,70,429,37,52,155,402,100,98,423,285,175,121,279,206,309,428,343,449,105,389,476,228,333,169,461,465,124,25,383,223,234,66,369,177,485,138,90,347,93,314,231,178,290,304,408,446,494,351,51,185,77,137,157,69,57,317,258,219,287,249,140,248,479,197,186,271,115,390,196,35,357,399,10,484,378,128,374,36,136,481,131,416,53,96,49,488,457,330,370,213,34,161,89,364,166,424,299,286,114,123,174,204,439
487,174,122,394,270,324,85,140,276,3,495,44,187,4,256,407,430,231,398,53,359,38,274,395,183,208,120,447,153,129,280,83,20,169,391,217,413,352,134,421,233,35,301,89,247,207,244,185,343,297,370,416,117,251,257,64,452,317,193,493,78,81,450,133,329,353,357,292,419,389,135,11,437,367,279,397,296,165,467,19,5,37,113,469,216,82,320,99,28,25,65,468,431,210,179,499,489,166,267,236,173,490,56,68,334,144,384,202,199,373
305,252,354,82,380,381,95,453,57,140,264,451,247,440,349,350,118,64,386,215,205,124,10,53,271,496,158,470,42,123,359,270,333,80,421,245,277,31,175,240,336,21,248,483,99,2,143,98,138,329,260,439,467,181,255,115,459,113,41,103,310,477,297,428,303,291,450,84,482,461,0,38,346,202,326,493,45,134,73,379,471,466,401,352,170,408,409,443,499,262,88,278,294,276,429,389,253,246,340,121,199,172,334,457,69,129,481,190,454,375
75,85,40,270,55,201,204,301,179,12,210,348,32,367,379,290,239,6,190,214,207,294,388,501,203,271,22,158,125,21,117,208,260,309,11,285,59,242,106,256,105,168,293,185,165,113,166,262,45,398,321,351,57,225,28,136,409,135,401,186,280,307,109,223,373,360,175,31,500,76,502,484,275,90,463,423,480,180,74,492,104,448,110,154,347,435,62,248,58,227,19,43,354,240,212,390,87,71,473,462,479,384,65,120,349,282,389,273,369,317
177,451,57,386,344,338,490,322,220,495,149,132,396,184,399,66,364,238,453,170,324,351,443,54,494,329,280,135,116,218,316,356,295,272,287,123,482,88,375,502,158,65,473,301,68,64,215,444,73,37,13,20,335,237,459,246,254,185,186,431,165,359,160,174,368,391,11,417,130,442,460,456,429,101,249,99,438,306,497,481,18,96,147,397,113,233,479,484,284,328,208,433,289,292,173,325,496,477,194,2,458,326,16,337,478,72,50,188,36,342
91,342,426,412,392,457,98,456,61,113,406,41,429,467,498,20,243,310,16,312,238,273,242,361,254,235,300,246,145,252,22,388,78,272,405,275,43,461,288,346,100,149,14,4,414,338,215,50,307,114,343,362,479,452,282,356,433,15,471,106,455,250,370,77,484,227,328,155,153,268,441,143,152,423,495,408,137,115,94,40,488,313,208,132,295,157,466,51,229,283,8,369,13,118,349,481,221,25,105,163,449,23,385,281,279,383,57,344,401,500
290,83,272,327,338,182,109,391,476,312,472,152,481,143,435,72,261,475,102,370,86,68,166,185,74,486,471,302,20,132,425,225,384,254,424,94,352,196,279,50,490,263,28,33,314,447,153,239,498,416,108,138,223,52,450,40,44,320,136,456,130,157,389,316,440,281,244,264,431,470,213,251,137,215,467,247,323,70,345,212,364,119,305,193,248,321,155,211,269,347,107,220,187,461,236,310,382,468,253,9,418,205,287,118,375,174,114,97,411,373
331,459,132,147,453,452,409,357,304,158,85,442,358,255,107,223,177,167,427,308,63,53,429,108,410,252,322,77,458,222,13,501,251,343,123,437,488,271,354,176,416,399,86,81,100,496,71,11,328,84,293,233,444,275,62,188,464,283,479,149,241,239,278,290,326,258,261,131,499,305,159,342,50,124,435,225,199,29,478,296,330,315,267,32,208,73,381,204,486,15,335,175,92,430,172,165,25,76,282,214,500,106,148,64,494,118,310,164,476,393
40,42,104,450,308,254,18,205,175,149,243,98,232,198,224,208,311,384,342,292,358,445,457,216,96,498,360,368,99,433,124,77,119,215,478,203,214,398,420,301,352,107,241,312,92,171,339,327,501,485,185,480,47,3,448,66,338,290,255,35,21,399,48,319,350,26,282,85,465,406,499,235,451,405,184,201,489,25,490,274,324,472,10,474,442,56,287,269,412,355,483,106,168,212,211,86,247,197,6,49,60,150,179,72,266,70,204,413,280,388
359,320,386,495,260,124,245,154,417,390,28,192,156,167,133,111,168,42,67,238,420,163,214,339,150,215,295,329,406,147,382,262,187,440,439,349,491,204,326,25,159,378,453,500,394,418,237,201,332,399,347,101,57,370,75,46,398,387,328,323,452,65,319,409,47,313,309,472,271,236,438,3,84,276,244,139,137,89,284,413,74,384,470,302,43,197,227,73,379,469,32,198,365,37,220,421,274,485,59,445,210,9,44,291,166,219,68,341,279,123
421,457,140,84,67,17,18,221,390,399,210,363,27,275,497,6,116,91,269,191,106,47,419,261,424,325,392,276,430,122,53,65,25,283,290,153,162,472,68,107,304,193,167,61,382,493,258,463,302,165,266,62,462,13,501,254,471,196,455,158,86,494,425,80,287,108,94,340,486,7,429,350,172,170,444,145,204,229,257,139,96,336,460,29,413,63,78,102,448,242,179,393,66,155,383,464,364,98,222,77,291,212,180,149,45,361,378,249,265,440
489,457,476,86,269,55,490,139,113,389,176,302,96,296,62,279,280,383,37,85,148,451,386,15,156,466,350,204,398,367,191,488,9,194,498,260,326,431,227,418,167,400,93,355,14,18,73,382,208,115,43,337,272,229,218,320,84,438,293,142,150,315,1,235,10,300,247,306,134,470,172,138,186,376,459,356,132,47,173,70,289,95,425,103,267,332,112,144,346,162,392,185,5,406,158,58,380,133,371,2,381,117,146,123,484,447,388,379,401,270
113,456,254,309,221,100,206,481,370,493,163,241,107,157,479,33,81,79,126,454,53,439,238,283,394,299,128,130,116,182,334,440,60,233,279,97,410,388,159,276,103,155,13,441,29,102,69,236,204,346,363,324,185,57,213,147,395,371,432,211,362,451,350,138,0,314,149,131,326,317,329,267,396,154,134,84,73,365,445,337,248,351,244,223,374,158,210,71,234,294,1,166,178,435,271,353,135,409,348,389,34,250,366,368,242,21,87,150,72,129
395,459,264,46,430,182,386,258,269,154,74,274,376,186,215,469,280,308,382,307,371,117,299,479,187,383,343,133,162,63,478,259,247,451,326,370,230,500,491,241,158,145,266,243,426,129,43,150,125,106,502,140,62,31,332,323,146,246,470,271,4,464,290,126,174,427,143,190,434,364,402,456,335,95,368,168,157,40,137,36,82,176,279,453,480,212,435,115,273,180,236,26,483,356,127,468,207,394,23,213,474,29,360,489,432,431,482,99,433,391
367,119,366,351,211,214,46,325,146,155,16,310,223,106,299,308,389,233,115,300,442,101,394,2,296,489,236,502,384,309,159,306,407,302,277,295,364,237,53,242,360,133,92,113,244,283,209,126,304,432,440,291,373,231,207,131,246,8,4,494,148,428,181,280,380,415,202,241,387,488,51,160,315,71,173,240,354,81,192,383,91,49,24,175,375,183,259,180,487,20,472,430,25,191,368,269,321,140,151,458,290,358,107,268,67,17,228,238,157,454
174,30,423,483,33,49,230,315,199,16,304,464,271,70,459,209,309,458,492,280,260,282,277,136,407,302,466,96,330,126,52,4,79,113,439,329,388,457,198,379,220,312,446,211,188,243,471,485,442,177,259,111,81,278,193,322,284,396,375,97,62,44,497,221,472,165,285,325,268,169,160,253,69,10,478,267,286,248,95,74,65,265,264,181,25,200,489,360,61,475,270,487,107,60,225,269,93,412,194,208,480,479,117,141,397,486,415,454,19,18
288,449,30,418,445,109,451,230,155,398,406,344,500,215,405,502,141,169,185,368,491,460,23,228,490,304,415,14,377,265,495,142,295,267,332,167,188,231,469,196,218,193,467,184,247,88,376,114,210,399,496,44,268,367,378,214,108,137,28,24,461,356,407,294,5,0,414,194,13,337,110,359,127,105,11,335,41,262,259,240,229,447,197,150,124,251,101,402,246,143,36,87,478,53,331,421,349,168,483,289,263,241,375,221,174,173,133,432,291,68
464,478,437,303,165,245,346,408,65,482,497,372,434,391,247,207,7,305,223,484,397,15,427,307,189,196,130,167,261,154,131,382,275,177,477,222,1,493,219,369,156,37,336,100,448,176,471,273,125,84,490,401,250,352,431,314,40,224,49,234,22,90,398,152,375,60,310,0,75,178,327,155,251,20,52,293,467,287,388,498,320,36,356,460,79,157,304,318,244,56,183,141,54,378,436,88,142,426,354,116,97,400,262,450,50,454,269,358,440,289
