585,33,439,494,591,15,211,473,503,284,669,164,35,533,501,335,77,255,369,45,430,142,617,363,390,431,290,691,268,467,178,310,677,371,136,699,245,450,628,384,709,596,4,241,137,199,697,549,374,692,321,562,461,446,481,66,668,598,332,513,160,229,422,244,37,32,508,308,621,73,546,82,153,393,580,383,615,656,115,98,452,170,195,357,443,424,456,251,281,146,632,534,182,122,273,466,309,168,698,180,491,355,713,445,667,5,557,44,339,327,248,81,700,458,414,687,162,399,507,247,537,278,532,725,511,64,647,714,472,410,139,708,554,645,551,397,601,169,572,451,101,425,36,2,449
548,66,51,358,94,155,111,622,464,496,142,469,446,513,457,351,265,717,433,336,665,532,535,157,243,330,633,33,200,658,602,589,643,490,25,119,303,445,252,296,91,47,611,563,108,292,166,488,144,369,609,410,196,725,186,81,605,199,436,212,98,315,474,534,710,458,568,213,272,686,373,118,642,656,7,214,434,624,418,391,204,71,664,688,56,356,260,368,467,652,198,289,477,301,518,511,519,269,414,452,349,357,283,494,714,681,601,491,85,552,375,630,172,425,577,67,678,313,16,672,335,329,75,406,382,637,190,246,616,667,97,569,54,225,583,606,431,676,594,585,449,610,401,206,347
588,195,535,577,334,48,673,708,592,51,37,578,374,406,332,615,653,175,161,120,620,353,168,31,549,523,357,90,715,449,591,356,61,149,455,482,624,462,452,618,179,362,433,351,572,525,469,397,199,99,443,656,156,42,191,655,649,194,583,439,368,684,385,719,619,53,169,318,228,50,593,180,102,651,717,369,190,309,43,405,612,669,79,707,680,503,166,172,415,479,336,38,177,657,595,430,676,683,401,96,700,121,240,109,432,661,296,546,101,645,534,486,250,545,297,12,710,395,234,679,522,485,677,590,408,596,223,294,363,71,193,571,543,26,76,409,32,17,440,346,182,723,367,714,487
175,19,210,130,296,206,252,722,395,629,558,598,609,428,564,31,128,5,126,28,56,702,182,127,394,69,14,677,444,701,187,639,431,48,714,173,54,385,592,470,466,343,190,35,408,642,689,500,373,72,142,271,259,180,93,471,13,157,284,80,537,315,144,107,549,123,294,633,342,3,589,265,650,529,437,521,149,60,649,57,623,61,216,548,707,219,150,313,715,154,27,383,528,118,489,306,475,474,179,666,709,412,648,671,462,183,346,518,480,158,44,501,604,398,170,620,280,646,506,532,361,576,569,388,152,324,603,133,708,468,692,660,540,534,49,389,83,36,725,34,10,374,445,226,634
579,677,92,105,69,375,466,438,318,181,129,645,409,556,714,553,197,697,247,159,391,223,527,612,501,702,679,395,195,724,548,158,620,605,551,133,73,672,405,722,90,214,12,465,183,680,174,723,393,647,212,253,341,306,603,265,711,60,496,426,364,349,5,333,300,513,602,49,416,290,470,682,118,428,439,94,123,473,165,75,387,544,82,7,532,563,266,584,494,87,431,656,660,488,226,403,23,454,469,581,504,429,305,575,691,461,170,232,483,511,586,478,413,309,564,458,705,632,512,557,376,475,310,188,240,228,382,164,543,27,554,578,33,59,168,430,314,594,200,29,172,617,321,43,516
251,36,17,145,695,501,464,360,22,430,646,696,364,265,726,158,261,42,144,669,702,680,244,117,527,484,303,358,327,565,436,336,611,301,439,57,109,493,681,368,497,447,482,365,71,161,594,195,562,329,295,203,5,599,694,43,175,165,494,369,403,122,398,254,207,588,79,503,54,707,262,500,84,627,88,250,178,173,460,414,573,690,433,234,445,423,194,236,709,492,133,677,584,53,535,190,193,80,402,553,3,618,514,232,581,335,322,502,596,179,480,248,384,409,474,520,692,431,529,94,252,60,111,66,276,253,284,348,293,547,377,138,359,580,131,73,14,461,121,413,23,167,139,417,247
487,472,67,175,80,350,664,672,275,158,653,58,452,532,42,675,54,34,448,543,420,562,548,317,616,590,697,369,299,606,138,475,340,365,71,266,700,668,356,572,105,258,641,385,320,702,438,414,170,281,118,153,568,632,173,3,454,701,440,273,163,321,193,654,131,51,712,598,674,579,706,563,154,61,588,302,361,727,373,315,262,73,203,363,694,72,577,252,453,554,243,587,669,676,296,50,514,670,346,478,614,57,382,342,489,502,288,549,499,1,626,257,596,595,481,186,234,396,446,328,280,108,348,115,93,109,263,610,240,181,558,179,4,713,566,294,165,723,637,197,125,680,322,9,349
486,192,458,56,609,490,580,137,17,570,301,521,182,533,604,107,154,509,640,318,591,307,48,399,171,146,384,668,667,9,491,443,416,622,582,647,654,16,31,597,168,282,415,196,605,523,612,495,389,243,349,553,229,368,588,689,37,584,8,150,13,134,209,278,249,77,501,422,61,463,378,3,641,218,181,631,586,666,356,29,302,158,530,619,500,393,91,128,483,79,309,187,507,728,299,725,488,718,47,675,68,80,361,539,437,39,113,719,174,131,45,233,429,51,78,306,46,423,377,341,527,303,395,260,397,15,569,554,0,476,232,602,71,385,677,363,274,559,36,50,335,477,709,329,620
161,352,506,96,369,226,323,53,652,312,7,527,291,115,371,54,135,587,31,279,232,362,548,18,622,306,557,697,388,674,702,650,400,639,458,325,718,678,131,300,195,360,355,642,512,290,424,98,461,146,230,391,706,337,307,253,601,447,21,66,235,700,215,162,50,86,714,381,110,191,613,60,79,23,422,240,69,571,444,508,267,114,17,555,104,201,583,638,656,387,271,76,333,617,116,703,239,246,459,690,494,331,689,206,443,55,701,129,445,260,145,373,144,578,292,685,522,566,414,209,503,413,681,265,664,163,402,552,101,147,530,229,280,227,647,62,59,429,408,684,32,600,134,434,313
50,227,432,321,288,448,629,552,440,20,622,222,166,682,212,72,33,628,147,623,278,328,256,536,612,352,671,728,692,558,142,590,714,404,706,497,433,584,403,450,366,424,331,574,232,324,550,402,42,23,496,475,173,38,459,247,34,487,606,174,78,246,661,107,555,662,162,715,218,709,380,625,164,49,528,479,673,144,476,73,249,507,102,59,177,175,137,657,241,79,474,40,119,96,75,62,103,490,451,639,609,613,597,215,109,205,113,697,381,168,542,281,683,193,513,721,213,446,659,546,456,478,596,559,306,457,0,703,2,267,538,261,665,417,420,308,441,722,304,165,601,651,115,67,384
648,274,189,246,45,350,260,442,407,531,65,269,695,723,720,254,663,9,298,232,310,247,18,210,178,194,8,123,268,271,481,114,359,84,599,672,565,412,331,106,406,419,434,431,605,48,365,341,2,514,615,107,445,554,588,524,50,617,447,122,511,585,161,396,78,717,117,143,273,696,311,619,544,248,97,721,436,343,218,389,68,631,443,120,701,475,499,334,651,146,587,41,17,543,491,267,446,266,152,135,401,304,62,667,375,586,471,556,382,486,15,581,303,156,519,660,179,208,518,629,75,201,94,480,336,329,449,351,125,374,164,654,551,34,535,576,647,90,372,313,583,624,139,469,86
661,302,270,471,442,67,93,526,367,501,452,362,415,660,160,381,638,235,45,223,389,36,577,99,51,210,606,346,503,419,13,725,431,10,79,287,385,28,232,438,446,191,534,602,33,525,193,350,422,409,663,555,483,186,530,78,90,108,41,229,592,0,56,421,324,584,280,469,628,683,341,587,64,547,174,664,495,461,462,435,396,631,453,240,472,285,567,156,143,136,31,361,249,670,698,155,92,679,110,463,176,612,635,619,500,35,96,59,558,171,251,393,343,77,559,430,122,209,488,384,512,364,475,721,443,342,507,340,701,562,359,620,723,709,142,303,135,694,318,335,75,447,140,464,708
519,530,572,64,425,500,241,160,557,59,652,162,240,430,691,409,405,258,158,462,314,457,416,605,49,400,685,46,387,71,672,88,25,413,442,560,84,189,703,20,392,526,170,451,148,326,702,612,113,494,696,663,408,376,485,539,468,466,40,252,542,93,454,142,624,203,480,456,182,305,315,501,278,640,510,316,168,276,56,428,329,75,658,424,680,453,644,246,353,226,551,68,574,562,671,111,683,201,520,298,129,575,286,67,197,364,306,532,426,210,304,47,434,584,727,590,209,690,18,10,190,337,275,518,37,95,522,4,418,712,24,38,62,85,102,340,554,282,662,547,583,549,69,274,427
406,126,619,545,549,177,134,710,607,174,649,161,580,722,623,399,110,504,330,315,94,590,618,389,641,236,374,329,583,627,64,248,120,585,614,532,527,368,516,502,12,667,510,246,620,247,438,611,356,231,392,714,524,198,535,394,468,60,662,555,486,576,629,475,597,256,274,107,693,298,705,439,492,656,463,437,24,253,278,723,697,433,125,416,681,529,454,351,364,453,55,316,114,411,81,299,238,495,207,359,171,165,14,272,622,15,194,465,327,338,282,388,104,10,701,279,476,659,331,670,424,34,408,367,665,671,699,317,262,404,13,296,312,26,569,457,533,89,384,704,678,706,369,116,35
391,711,462,550,511,194,164,165,154,483,145,607,334,448,224,365,114,87,571,35,673,455,202,275,646,587,413,482,94,184,645,173,420,461,270,342,188,590,375,308,107,589,148,566,436,301,315,605,81,713,662,203,176,492,51,452,521,595,41,672,543,159,366,300,27,402,484,178,651,415,284,372,129,683,62,93,40,625,349,172,648,272,339,45,84,429,370,703,431,582,561,535,267,190,547,142,381,335,235,615,560,658,488,97,177,352,609,584,290,503,446,281,17,393,289,411,691,345,598,77,597,392,611,649,52,197,208,333,577,631,407,642,449,712,76,121,608,198,563,515,519,549,20,661,189
531,342,434,593,298,424,261,107,471,168,370,100,366,373,406,268,325,553,221,14,444,662,604,177,254,721,331,599,458,726,20,506,275,442,547,367,542,629,570,528,348,561,257,217,426,568,54,75,210,37,133,155,473,573,126,95,595,292,476,479,176,562,34,143,7,227,241,19,597,651,627,414,534,369,512,0,71,722,618,249,119,655,161,707,469,419,661,111,49,318,322,536,555,52,73,516,344,400,475,663,290,472,533,644,93,141,266,46,679,23,635,374,452,565,498,199,576,79,657,150,157,312,417,605,652,503,641,477,407,25,170,654,548,438,188,511,233,258,630,282,202,264,647,558,232
376,547,85,705,133,229,506,636,25,424,220,589,427,664,172,95,431,231,411,81,254,202,392,478,236,53,514,521,471,178,699,105,508,206,176,549,274,114,187,536,305,631,593,361,702,115,162,52,617,221,142,141,701,271,711,401,426,482,628,665,331,678,504,368,378,48,3,618,230,122,41,571,637,660,388,500,298,530,432,18,121,320,239,448,709,212,62,276,9,59,451,466,194,695,635,10,66,190,499,517,554,310,281,68,241,58,143,8,111,387,510,654,332,282,586,563,625,83,213,683,673,533,362,585,60,606,542,391,445,455,192,140,219,128,108,645,346,607,380,74,0,425,490,421,261
547,718,219,571,665,51,542,1,311,578,350,582,471,127,440,398,61,616,12,378,407,169,11,134,583,211,318,174,443,105,651,364,76,545,510,320,373,628,204,96,467,466,450,615,181,405,284,621,555,414,257,713,167,657,290,324,671,107,117,248,512,214,176,241,170,160,80,452,334,417,314,509,589,480,460,619,142,371,652,587,24,453,526,500,267,714,298,681,636,151,277,523,546,34,612,7,168,286,40,406,141,75,699,720,201,196,725,727,242,558,413,703,457,338,669,50,447,468,132,354,641,276,684,187,463,356,580,102,698,155,275,658,138,115,517,438,574,498,280,497,395,692,722,230,393
71,715,20,242,257,72,273,619,263,721,107,193,98,197,186,660,427,68,322,179,333,599,573,228,247,348,408,517,703,244,540,649,170,281,553,6,280,89,375,8,513,462,718,76,548,366,416,240,307,258,561,166,40,339,434,269,467,70,602,709,495,414,489,371,594,234,502,515,128,634,387,693,156,162,235,267,584,271,23,558,593,331,674,38,11,75,226,675,432,164,199,57,51,131,22,421,359,9,708,534,473,347,690,112,137,288,405,398,611,504,639,191,114,692,528,668,236,129,431,411,249,21,686,543,617,316,84,704,698,161,490,555,62,351,480,43,497,430,638,5,286,727,276,520,491
363,510,230,430,227,82,207,620,190,595,607,582,490,169,411,42,1,76,693,404,653,281,91,269,147,540,555,341,206,164,524,176,557,588,552,709,506,493,680,243,399,345,669,5,138,259,248,380,277,151,170,80,703,111,403,408,602,358,24,421,64,581,479,13,681,429,415,589,171,407,542,45,317,251,713,235,416,520,618,22,570,118,485,212,513,211,336,586,370,331,226,333,698,90,114,451,57,273,271,373,560,614,218,446,350,62,81,153,679,381,551,181,512,361,149,420,208,632,221,308,623,125,496,116,454,39,86,480,425,175,143,43,210,660,130,240,564,546,355,634,441,298,264,368,133
728,476,340,648,702,109,440,658,561,271,233,436,632,712,590,545,574,246,649,177,355,317,130,437,603,137,129,431,146,75,26,41,670,474,704,493,508,371,372,331,321,348,22,261,689,705,701,202,499,198,612,676,37,193,294,227,466,723,74,569,656,417,330,579,584,346,650,659,389,4,703,653,32,441,144,100,377,72,182,197,123,673,83,697,487,621,668,624,727,546,484,509,470,601,693,290,505,45,157,713,551,86,577,200,298,29,9,430,657,614,228,565,30,212,101,500,154,642,454,311,306,536,613,286,305,643,275,230,189,81,667,264,714,315,87,103,458,567,17,698,237,547,442,50,210
326,687,47,563,559,114,689,46,274,581,167,545,655,677,365,218,624,305,287,144,522,204,173,136,332,371,148,708,604,40,264,451,508,188,393,558,100,705,526,57,66,628,307,478,676,216,276,447,104,681,81,88,640,272,686,261,314,633,562,489,528,426,502,275,431,189,495,646,141,425,238,610,387,496,642,311,423,539,215,441,375,690,473,620,506,19,497,410,575,237,349,228,195,440,698,295,608,316,171,510,214,679,355,334,617,126,106,683,504,154,444,27,666,246,650,543,353,172,162,201,143,22,169,587,466,551,125,377,566,217,299,482,479,557,580,516,701,262,294,318,692,248,263,450,399
58,593,661,631,535,65,416,146,408,354,30,671,350,185,100,345,331,51,153,565,428,264,212,296,128,608,236,621,329,644,80,84,208,616,508,37,410,716,299,487,197,464,397,448,417,622,584,433,193,695,198,248,155,239,430,192,406,429,602,214,483,625,184,342,655,85,370,665,95,6,133,581,511,71,43,97,638,52,709,170,660,471,343,368,403,686,711,687,548,677,21,199,42,113,574,539,585,706,336,424,422,172,495,394,12,99,121,301,359,145,533,141,409,561,520,249,491,308,57,384,312,335,266,223,337,697,134,477,326,708,701,431,590,295,525,375,385,720,642,319,474,402,202,115,151
92,656,646,695,131,638,95,626,619,543,473,722,6,169,552,489,279,274,179,569,148,375,605,86,395,455,147,639,65,397,74,440,548,84,119,420,18,89,583,332,438,136,683,559,246,281,715,134,34,37,443,421,55,551,680,13,232,182,538,383,213,717,523,650,553,244,107,724,50,566,580,306,325,106,137,215,608,386,335,123,517,653,604,331,533,124,609,26,508,661,393,647,316,172,161,574,216,188,672,14,345,341,214,290,409,459,514,712,192,334,59,127,156,204,485,359,132,311,687,196,445,154,690,424,360,298,90,498,530,458,635,539,111,621,227,353,620,125,558,561,75,170,296,30,313
700,409,383,125,19,389,539,521,653,455,335,186,710,29,36,147,417,230,87,675,545,459,436,641,168,587,285,301,630,3,471,21,601,494,613,269,724,344,276,373,265,94,346,141,579,190,95,207,534,665,225,289,324,371,11,316,117,267,4,234,292,247,75,640,235,541,226,508,618,442,201,412,327,483,214,314,66,163,159,253,106,477,567,599,257,261,232,364,121,466,558,195,319,553,681,311,26,58,204,138,473,727,709,115,427,294,423,277,1,299,263,535,308,268,169,146,497,489,446,673,420,143,468,589,2,332,357,660,543,271,262,69,500,484,42,175,701,144,259,528,93,705,517,722,616
148,549,373,430,561,617,615,235,599,375,687,267,324,126,719,519,494,653,460,529,548,483,317,291,533,486,258,87,300,250,212,280,124,63,664,646,293,493,495,542,8,708,581,253,349,286,381,701,671,190,337,315,80,274,73,165,353,558,213,720,424,380,231,547,361,472,52,722,254,711,415,47,427,716,58,726,325,681,199,239,423,429,93,292,311,33,621,447,670,669,723,466,666,600,203,4,592,640,663,619,318,613,605,554,590,475,106,484,717,184,227,488,567,419,685,609,582,463,414,262,492,16,9,692,297,362,560,405,707,598,103,320,143,346,481,163,384,182,99,48,351,367,713,694,41
318,631,50,382,539,642,280,303,489,580,716,214,536,135,34,456,476,314,609,349,60,66,98,461,630,398,33,608,543,140,418,618,710,561,520,565,555,273,604,193,661,253,104,9,158,226,658,397,441,625,422,377,486,8,376,354,519,223,162,556,386,645,568,195,125,88,706,442,105,330,571,650,537,338,320,507,138,21,534,573,496,190,148,131,530,528,362,726,401,141,122,192,540,698,717,120,450,724,187,636,388,417,554,691,235,282,619,664,38,37,577,708,219,460,310,617,431,697,623,655,371,46,457,613,28,531,705,285,591,657,335,674,463,599,392,437,668,334,368,495,176,228,421,663,718
428,217,274,57,48,386,713,588,11,1,388,27,675,220,254,210,22,670,82,524,519,480,458,728,395,301,248,502,203,492,286,72,174,61,107,662,705,337,578,526,483,442,349,347,266,221,583,137,606,330,491,131,678,494,414,15,611,447,446,31,615,378,393,260,335,523,309,263,551,355,666,444,2,438,312,75,201,353,547,250,168,501,628,81,449,99,468,44,180,304,121,620,0,151,357,310,701,40,104,587,445,575,331,697,158,314,609,489,112,366,282,108,176,285,646,233,195,709,647,100,251,539,622,690,305,616,273,226,209,651,534,607,47,448,65,374,423,496,517,472,152,473,695,672,264
559,470,630,301,321,703,231,322,674,605,197,195,424,390,131,323,167,649,221,667,123,359,582,608,110,627,377,287,468,224,218,148,87,115,128,686,332,496,417,236,544,658,284,393,497,507,625,664,707,292,396,652,242,481,512,673,130,640,217,333,443,281,53,290,77,436,574,618,695,194,39,145,669,681,44,127,346,427,251,159,626,265,330,403,347,193,517,13,29,710,725,289,435,395,374,15,634,685,92,469,291,370,352,397,64,404,174,216,43,675,272,222,398,698,584,488,491,653,263,473,419,241,614,262,72,275,296,610,601,503,631,76,47,688,362,543,454,160,515,304,293,576,269,555,449
629,600,573,278,83,473,663,626,272,536,713,497,213,42,669,630,108,542,51,239,457,304,515,705,100,370,427,41,228,124,513,369,722,214,102,156,543,297,45,201,688,685,726,253,296,439,470,424,77,410,549,315,516,212,245,579,105,643,303,358,599,519,720,558,642,252,295,723,507,195,92,10,293,638,167,178,1,191,480,455,444,490,27,461,266,255,224,401,407,223,189,237,694,231,327,33,562,709,668,356,517,343,653,283,380,247,147,309,452,443,24,308,475,6,666,128,681,546,625,151,425,345,81,586,477,359,36,230,26,385,418,428,174,144,360,59,177,512,362,260,279,434,267,63,198
179,0,368,270,555,366,312,11,508,709,712,495,255,611,96,23,659,41,598,64,87,498,640,541,355,243,607,217,150,7,205,435,115,432,710,298,4,434,229,142,398,2,509,321,553,701,120,104,12,59,278,281,412,695,713,39,46,563,718,320,621,430,78,707,5,300,176,159,524,635,512,147,277,151,178,466,107,126,726,85,228,146,262,462,184,665,658,170,493,679,289,79,293,518,649,674,220,532,516,487,8,253,367,55,314,84,149,61,97,181,108,539,716,239,257,265,138,467,129,105,399,125,497,183,706,591,27,364,691,689,573,506,344,519,544,603,251,182,359,583,72,354,31,309,565
527,379,685,307,199,133,283,350,448,0,121,293,54,127,154,286,716,22,372,280,18,702,69,410,502,547,413,245,586,417,662,251,604,524,75,12,587,450,339,684,16,352,101,288,705,674,223,242,425,176,80,107,196,613,78,109,113,272,140,636,360,416,155,495,329,394,698,363,232,338,201,393,577,53,561,701,521,399,558,134,429,52,618,62,486,217,278,661,610,446,5,34,256,41,703,186,20,284,324,585,532,510,325,424,319,68,412,323,112,457,488,164,230,554,368,454,477,83,103,583,192,48,336,697,462,46,190,333,596,627,650,277,37,619,276,463,10,669,335,574,295,74,496,597,696
282,296,418,712,507,445,473,557,172,350,367,516,170,155,631,209,370,559,705,575,100,641,29,577,266,440,328,725,402,662,143,530,300,438,508,301,668,293,464,129,253,501,28,68,687,299,305,219,529,556,535,260,186,334,553,225,406,543,463,198,319,153,693,294,355,645,145,189,459,390,335,568,494,562,572,524,589,703,348,630,407,727,343,371,336,218,677,528,564,356,340,303,682,118,396,475,342,700,632,275,86,349,359,708,114,112,375,98,63,466,291,545,337,213,254,384,496,297,637,663,421,216,323,257,378,27,597,722,512,55,168,361,152,540,604,486,49,147,387,245,87,694,358,585,224
614,31,605,629,101,189,41,71,370,403,443,9,480,290,530,623,280,131,448,227,6,347,167,350,191,726,412,11,153,51,526,177,376,686,680,704,46,150,378,259,199,302,82,201,456,654,518,472,315,279,25,669,394,14,272,225,124,285,383,400,219,369,108,702,725,523,647,278,165,620,415,55,211,237,441,72,635,652,294,176,62,254,348,395,645,12,84,414,555,261,685,393,45,399,407,494,607,693,534,566,173,210,105,182,723,155,160,47,265,126,592,65,342,588,270,547,274,52,314,319,271,355,585,112,507,609,638,8,269,531,499,697,548,551,672,138,277,116,490,532,700,200,616,525,589
61,634,588,571,327,664,504,207,458,241,272,202,105,246,39,226,299,121,603,184,70,375,533,691,203,47,58,659,707,213,2,726,237,487,469,227,363,486,495,470,548,461,700,434,302,283,186,41,136,725,600,330,667,126,473,304,205,479,262,534,233,13,394,277,577,525,115,162,639,170,142,251,76,94,542,16,475,298,63,616,72,123,591,319,594,527,716,609,378,339,697,358,396,658,318,502,424,188,102,589,313,54,656,183,426,445,101,238,261,706,702,311,491,567,484,152,402,655,351,314,670,30,518,366,379,478,128,515,569,148,638,720,641,713,383,705,506,493,20,353,216,522,418,228,710
217,107,589,486,361,619,466,536,567,51,265,245,420,371,500,660,35,221,70,203,709,225,400,603,18,625,679,385,644,651,708,678,178,422,465,155,282,627,389,476,403,519,674,551,434,200,700,444,229,124,6,461,288,123,34,180,382,160,93,688,483,601,558,572,320,566,132,573,147,600,193,652,692,663,19,300,47,90,514,394,80,338,622,521,649,242,373,442,3,561,30,237,144,563,701,199,284,539,578,179,196,332,560,487,336,48,480,585,184,682,100,633,713,135,568,433,343,323,296,24,478,491,49,527,379,87,108,609,41,285,427,528,192,458,552,2,308,307,647,631,25,139,424,620,498
6,315,149,357,561,163,111,671,655,293,52,160,271,584,680,177,528,582,265,635,184,74,393,3,257,22,279,525,568,287,565,459,522,13,260,590,360,65,711,284,539,712,139,186,464,719,310,497,179,81,126,254,545,672,421,373,185,167,489,370,304,5,204,556,558,338,90,710,37,374,516,225,505,468,353,562,116,230,127,425,327,593,59,206,346,78,107,577,250,64,540,340,4,386,369,150,624,410,38,529,115,517,306,643,432,317,550,596,447,326,349,34,628,156,636,509,630,725,277,276,231,668,125,682,165,679,546,436,573,402,168,134,166,161,716,688,223,66,298,504,48,485,527,699,27
37,473,448,466,640,637,261,411,92,365,152,346,31,537,332,33,366,486,164,543,163,394,242,356,105,447,308,254,231,222,598,51,142,454,80,173,416,609,102,442,177,123,452,582,564,60,519,714,246,639,423,57,140,278,689,49,439,215,267,514,133,113,397,315,723,428,679,247,137,653,313,263,299,353,156,122,21,235,389,460,276,352,248,175,619,586,601,155,357,126,570,535,32,265,373,658,426,596,200,249,328,121,557,280,362,94,360,63,599,449,93,559,185,615,381,19,522,724,316,612,66,258,529,69,620,300,676,647,594,607,524,669,351,431,114,414,393,376,219,103,555,398,232,645,408
533,568,483,559,474,707,488,460,508,368,465,630,290,179,385,266,332,615,566,148,242,74,550,163,647,207,534,129,422,667,218,204,81,133,362,322,652,439,122,645,17,530,691,141,682,609,86,84,120,586,67,430,535,547,450,237,209,335,92,364,70,648,273,459,617,659,516,152,544,220,679,468,60,303,279,158,694,224,418,82,255,608,727,317,399,95,513,16,208,194,302,321,159,259,441,374,554,157,548,651,718,198,221,511,261,448,284,613,670,167,497,20,202,713,725,10,356,283,398,149,173,19,653,230,52,253,63,632,347,688,458,193,316,241,118,478,577,162,110,585,206,425,724,489,189
374,19,535,444,382,564,544,419,348,329,504,707,512,685,129,83,303,284,102,107,282,572,398,697,176,701,424,699,259,153,339,118,124,546,376,706,411,212,80,537,714,321,418,609,709,615,536,416,352,539,391,671,501,693,244,170,167,35,686,319,287,322,689,88,599,655,401,669,210,596,486,66,331,696,432,436,595,606,4,313,364,534,468,471,574,21,38,522,542,103,343,493,703,246,621,216,236,126,128,538,654,111,415,517,261,645,193,485,400,41,577,91,166,385,443,179,58,254,600,220,637,267,169,625,172,26,638,511,630,491,652,113,620,12,299,631,392,120,74,475,414,559,357,573,648
124,718,18,78,485,174,152,149,545,204,47,471,521,511,682,160,147,351,148,506,504,421,519,592,605,649,400,96,8,398,280,559,69,360,150,642,225,629,372,438,125,705,318,679,89,72,675,356,487,295,501,692,0,76,263,258,334,227,434,616,192,622,315,349,528,136,687,126,693,443,166,109,455,607,3,103,497,552,321,423,201,193,377,632,108,269,624,452,482,297,135,48,215,468,551,209,430,499,286,637,203,357,404,256,311,306,639,722,309,522,565,228,7,697,156,538,382,654,570,556,608,496,11,362,282,363,270,95,112,526,101,451,231,211,190,715,170,237,650,162,251,428,186,575,584
634,123,556,564,262,636,427,152,601,252,623,168,549,261,678,331,396,481,491,285,388,368,565,552,475,322,369,74,136,672,501,478,630,629,362,365,231,547,637,711,14,385,508,156,398,725,679,355,573,628,569,430,570,223,428,457,116,194,662,349,356,84,243,11,644,99,500,544,341,195,572,724,37,685,303,401,180,342,376,64,7,567,273,555,680,265,330,52,122,118,451,304,299,161,110,49,163,67,381,613,153,323,201,85,526,395,631,270,332,467,612,68,515,575,371,649,426,174,671,691,375,73,48,589,435,176,370,542,404,668,554,537,484,321,548,140,666,247,38,545,268,311,532,124,350
62,670,503,617,4,326,389,321,446,295,30,131,713,391,463,403,517,266,679,629,199,590,270,388,600,218,557,656,133,605,262,299,521,169,333,544,567,239,178,268,537,608,134,87,148,529,652,469,172,508,117,665,636,395,689,243,292,715,431,382,346,298,77,397,53,433,18,370,690,56,249,601,686,549,515,63,724,35,485,181,277,486,530,472,409,682,269,540,51,287,653,226,67,275,658,546,408,105,528,635,411,687,498,201,368,145,320,323,699,520,202,55,489,381,445,612,349,98,72,720,173,394,350,104,165,711,525,547,548,265,499,232,242,432,684,213,474,57,413,116,535,130,322,727,669
160,323,53,62,647,550,154,52,442,61,277,151,437,281,606,32,269,88,575,204,614,180,282,645,320,510,374,40,605,537,444,43,10,265,515,316,278,130,272,75,531,673,331,449,263,321,661,693,671,44,722,245,237,49,13,80,350,78,256,539,346,619,557,503,580,315,509,306,568,353,432,430,389,358,512,690,139,165,438,250,38,203,221,372,348,9,211,288,124,425,461,244,680,182,54,682,683,29,516,385,275,1,157,8,701,187,440,132,159,712,524,628,468,270,326,178,143,433,574,686,584,57,145,641,421,694,486,599,369,92,463,81,384,520,578,191,284,517,536,99,453,395,276,103,356
605,131,471,464,308,651,254,562,125,353,601,77,453,419,134,567,55,53,306,431,590,104,531,231,132,207,564,547,60,554,495,321,65,545,212,214,433,726,50,473,169,193,78,165,647,38,233,538,340,660,395,491,720,188,1,436,42,407,167,661,59,248,159,69,64,172,654,561,430,7,156,710,192,119,648,619,537,92,629,58,40,426,595,570,114,485,154,217,303,696,413,727,5,234,386,341,551,363,705,138,608,144,345,344,528,385,384,9,510,97,469,14,544,93,84,392,376,434,23,589,505,225,717,35,466,347,543,226,365,636,621,299,459,124,101,257,271,432,633,152,243,591,362,284,24
387,73,359,411,88,539,299,243,469,425,513,424,494,309,605,270,538,282,252,432,360,616,531,345,235,670,10,26,622,266,695,648,611,688,38,323,619,476,552,102,297,287,403,444,251,631,441,133,551,166,242,690,668,457,67,645,123,151,27,712,609,613,145,163,697,321,147,649,415,421,212,657,498,510,505,179,257,727,154,51,273,585,713,169,35,272,356,512,684,546,140,124,514,606,105,330,635,47,409,281,194,89,341,518,577,633,121,683,176,524,589,78,714,109,410,520,592,389,453,459,275,283,181,290,149,435,478,686,573,125,523,641,83,8,361,325,79,329,707,228,591,703,467,152,436
232,510,27,645,75,622,503,713,620,461,258,512,563,150,394,573,135,383,320,369,142,555,261,122,264,486,397,364,15,629,722,550,55,271,219,39,663,198,574,373,202,259,35,535,278,157,560,674,117,322,478,564,500,557,191,311,610,300,175,326,254,227,240,487,303,681,16,430,156,460,440,178,576,374,366,270,17,585,133,362,429,168,95,225,529,637,184,12,402,405,162,614,565,669,685,160,286,590,635,36,652,130,68,521,3,599,615,100,543,623,605,21,431,624,649,628,20,336,172,294,382,446,32,239,707,186,245,267,532,229,474,231,376,120,632,102,489,621,136,124,317,588,199,453,104
282,242,158,527,510,357,45,636,275,111,376,643,414,255,426,288,515,154,499,673,478,135,49,445,530,424,386,353,496,108,159,589,394,220,665,362,614,272,94,628,75,423,687,63,576,597,329,80,57,581,271,458,53,450,236,356,471,69,724,699,192,520,198,695,300,616,344,241,223,335,431,18,689,661,197,453,47,580,710,330,349,339,122,440,690,459,387,681,352,83,340,511,452,704,697,323,714,647,97,680,603,210,310,379,268,179,245,187,228,428,102,476,371,161,380,449,224,637,480,400,442,322,492,177,343,103,723,128,240,295,155,427,77,138,659,553,338,219,58,572,35,178,367,535,38
516,530,705,644,671,436,450,495,696,202,251,285,534,489,676,521,178,300,467,614,542,569,317,270,171,456,432,143,687,691,166,155,20,693,406,410,153,262,712,401,214,568,259,485,328,63,395,40,579,82,519,675,636,541,102,363,277,228,439,167,605,396,572,381,57,240,75,11,673,478,460,615,144,627,28,195,320,321,503,193,71,656,409,164,626,717,301,246,487,639,364,134,12,562,518,407,690,684,101,701,351,245,474,100,266,318,196,66,702,128,129,552,205,593,442,384,715,39,666,532,661,441,653,175,95,402,89,365,505,584,22,629,331,583,30,539,548,173,297,1,133,125,708,465,630
226,674,389,403,605,449,84,294,124,205,589,135,437,638,574,290,232,222,451,485,225,304,726,561,711,432,667,8,488,626,415,675,385,267,275,98,207,268,426,401,587,69,567,14,103,218,165,691,453,339,629,39,102,559,90,41,581,423,23,700,532,547,677,201,229,198,241,397,651,230,576,253,595,340,50,370,380,492,428,357,36,47,431,543,266,718,81,575,148,614,322,244,693,162,342,338,518,399,318,542,169,163,240,659,699,85,450,314,394,440,441,3,383,138,140,615,143,105,345,151,146,640,566,404,273,112,663,381,337,703,627,299,6,644,233,525,601,80,292,213,349,513,702,592,256
