292,16,219,247,295,7,105,236,416,251,421,142,334,415,82,17,266,250,167,38,127,381,184,22,215,440,71,308,181,195,478,145,423,345,134,233,89,351,155,338,185,68,467,393,477,122,225,314,192,479,298,2,120,461,99,464,274,187,395,457,160,341,281,230,223,240,33,490,299,166,432,256,80,114,211,443,18,501,254,154,418,310,336,36,273,41,76,196,290,191,307,494,57,397,444,49,226,85,97,178,221,212,228,125,348,140,73,316,267,91,61,136,460,470,84,463,332,466,90,245,177,484,222,429,451
278,364,22,169,459,163,124,40,134,229,207,298,81,199,471,445,253,344,457,123,376,268,466,139,266,247,308,255,32,85,250,345,236,498,205,69,215,277,299,178,275,198,472,359,84,286,225,50,212,424,18,446,1,224,274,33,25,179,47,77,55,311,232,426,409,248,71,234,223,396,256,228,175,371,132,403,357,435,216,168,332,478,267,78,378,121,165,316,16,351,100,329,301,294,321,245,12,59,151,222,126,367,148,45,23,305,281,392,54,146,83,343,244,72,184,304,468,98,487,93,495,302,99,218,106
49,350,157,454,492,237,441,380,384,355,423,267,369,216,229,340,495,284,106,136,305,186,59,321,400,479,3,107,217,312,209,447,195,446,415,333,102,35,395,489,408,45,421,28,178,130,184,233,474,388,99,477,383,144,238,493,150,259,255,445,134,207,226,327,174,458,371,141,247,228,244,300,245,42,353,276,368,187,410,490,496,406,86,308,212,426,288,33,304,375,156,8,302,167,467,164,37,379,203,473,191,449,310,95,123,420,500,48,485,27,112,291,381,460,215,98,391,292,224,303,411,200,103,173,294
97,267,477,414,288,391,394,488,427,167,445,24,336,354,296,25,18,289,187,440,478,203,166,307,326,87,395,80,60,310,404,442,176,84,15,370,274,261,412,178,45,481,224,295,451,463,30,74,443,227,361,241,312,231,369,226,309,89,181,421,216,454,422,175,286,262,234,198,99,49,221,328,78,21,95,327,324,502,291,219,406,184,438,192,487,446,26,469,159,114,418,495,90,51,325,485,441,428,154,429,202,306,390,423,39,470,388,434,251,83,86,207,385,239,168,19,88,410,297,452,215,430,437,431,356
200,496,48,203,491,416,60,120,54,216,369,327,159,370,148,273,332,434,456,50,176,426,464,267,317,243,311,125,272,488,6,340,80,346,197,355,117,49,261,326,390,242,51,295,204,298,111,147,181,35,451,96,318,441,285,271,13,38,458,415,16,8,334,428,220,173,481,91,372,24,183,166,320,477,403,87,9,105,65,473,420,103,126,422,468,314,279,299,304,214,282,389,15,64,2,63,14,28,351,394,392,435,407,354,418,34,7,338,222,378,395,93,319,215,433,412,86,27,359,192,296,235,233,171,95
17,204,321,235,250,487,363,365,186,340,36,71,135,129,90,46,499,6,78,142,40,465,268,157,72,392,53,274,61,147,361,316,413,171,414,1,294,132,325,385,264,218,448,260,74,495,30,324,28,311,456,330,108,475,7,109,75,156,440,353,431,214,77,439,13,191,462,342,496,59,244,153,237,430,89,320,478,14,206,453,484,231,336,358,418,395,91,173,259,435,240,79,22,498,302,199,85,412,359,140,450,253,266,180,334,288,393,284,194,76,328,162,378,391,66,454,234,27,344,469,270,267,24,394,312
397,470,402,41,467,357,369,18,65,17,5,476,187,222,113,337,244,427,289,469,338,370,479,46,52,34,490,413,233,219,159,90,383,64,391,322,204,278,497,276,98,348,381,123,368,79,429,195,111,441,263,306,250,351,424,418,339,197,403,97,477,274,373,501,457,437,310,302,275,66,36,336,202,474,45,107,6,232,91,340,87,491,196,323,106,126,170,153,301,132,438,30,248,213,182,174,2,166,345,150,256,502,464,414,24,208,365,145,235,422,59,214,473,47,61,236,82,37,193,272,499,3,266,481,281
133,292,247,460,442,43,215,483,59,385,208,435,244,417,113,201,459,11,227,234,324,290,364,252,356,214,152,287,336,79,230,85,116,241,255,293,239,206,154,383,282,229,306,388,485,256,278,188,323,360,489,237,155,94,120,114,191,308,82,271,399,426,13,277,289,409,441,16,29,84,496,389,157,433,393,100,14,86,466,160,21,258,125,18,8,72,347,250,232,394,180,458,432,454,348,182,132,418,473,130,422,452,334,351,340,122,58,263,365,242,392,151,179,163,462,218,357,168,305,150,219,28,54,246,398
370,366,184,248,371,223,241,182,35,80,297,97,281,387,164,147,101,2,373,299,219,502,392,21,390,375,87,82,407,247,500,201,61,199,127,404,103,462,294,435,39,251,418,448,27,490,429,131,250,42,398,380,337,313,356,44,125,442,331,89,86,230,207,360,286,491,351,216,358,117,222,211,437,118,481,359,472,246,364,66,386,413,486,410,292,336,378,26,484,350,267,427,474,95,96,40,368,471,326,349,276,1,309,257,116,353,365,290,167,161,461,298,320,443,240,124,192,204,237,260,54,215,308,264,372
47,126,30,55,370,33,138,501,142,368,358,174,387,146,273,188,418,69,179,394,455,290,326,405,433,465,416,65,492,36,7,386,483,230,331,60,206,314,316,11,83,305,485,208,123,243,236,497,87,40,175,332,336,137,393,79,480,443,29,226,359,376,421,266,21,337,27,17,224,271,210,281,274,158,380,308,295,348,184,149,303,460,237,498,170,182,35,133,361,423,334,178,442,286,52,129,320,192,160,420,219,207,85,140,59,76,284,464,86,1,227,388,390,424,220,136,81,404,96,425,327,343,475,25,436
390,299,86,289,274,478,281,77,30,294,151,180,470,236,388,186,157,440,131,36,101,334,411,181,433,35,331,483,378,288,126,226,400,277,348,121,293,318,136,284,344,148,25,432,257,220,336,369,173,239,307,356,28,191,171,244,251,144,424,498,249,0,449,128,298,297,476,240,93,418,423,420,407,117,198,223,164,468,140,54,174,57,46,459,484,427,120,90,279,425,391,89,393,2,458,283,147,327,82,175,466,98,303,368,355,62,85,161,4,422,243,96,229,450,304,245,290,68,8,285,150,260,91,266,302
53,77,254,320,409,383,495,159,485,295,153,24,199,488,85,73,192,334,333,438,4,245,221,452,208,311,291,323,436,327,8,15,441,433,298,84,357,395,141,207,98,302,261,306,364,247,194,121,174,276,114,184,294,435,468,18,444,292,427,482,498,75,6,67,104,139,124,380,38,250,211,373,30,231,189,466,1,499,109,90,315,293,417,483,354,386,178,14,151,79,265,402,309,469,196,45,64,241,39,154,340,93,253,396,362,243,149,388,28,244,150,23,451,34,40,180,269,218,19,56,348,285,484,87,65
22,406,116,343,214,453,25,39,474,486,153,445,405,479,23,211,435,188,170,494,263,311,312,458,480,151,197,130,470,198,7,284,277,0,238,500,471,35,192,426,276,358,181,425,137,342,279,18,496,167,298,451,339,468,159,164,87,80,176,253,48,380,184,113,161,26,326,156,378,3,482,145,57,381,383,364,185,27,67,293,15,139,467,460,274,9,481,492,278,348,194,337,365,414,325,200,319,229,162,370,433,450,65,150,97,180,177,321,256,431,212,356,49,230,73,115,195,418,168,344,346,415,126,300,350
223,491,10,415,33,117,194,393,358,107,81,25,43,185,190,55,344,95,378,471,337,432,306,338,474,30,328,39,11,211,120,359,34,285,343,222,419,254,133,57,8,277,52,434,411,100,291,407,319,322,436,475,427,391,449,193,330,135,38,166,308,58,153,365,119,123,229,428,65,247,482,400,165,387,150,103,221,27,467,64,424,130,72,385,186,420,289,369,399,413,146,340,456,326,325,261,283,207,104,251,206,363,49,132,501,492,201,276,348,50,73,265,371,114,140,113,463,31,29,355,214,204,335,256,483
16,392,370,50,467,67,217,156,25,431,113,458,216,160,144,224,314,276,220,420,10,311,111,475,83,341,429,371,106,36,502,486,73,481,139,385,164,128,268,306,176,335,434,494,346,389,279,71,457,295,474,202,465,248,490,292,201,345,225,183,212,165,460,287,426,116,162,275,446,21,11,386,355,449,237,86,19,229,493,123,17,243,303,87,39,423,359,330,362,461,53,277,376,331,395,81,435,109,469,190,312,397,82,364,24,264,239,417,72,414,343,238,328,473,409,124,253,51,29,88,332,445,419,68,402
120,39,237,20,59,411,48,37,418,358,392,446,433,31,51,245,427,225,501,304,306,298,107,383,391,443,395,54,102,56,327,295,464,491,363,336,190,84,271,140,162,96,256,276,106,223,474,273,228,420,239,481,279,379,153,467,454,492,0,176,1,133,269,130,53,312,208,210,154,220,484,152,82,476,477,72,57,33,192,324,137,94,123,22,175,439,445,221,203,265,32,372,362,134,371,405,374,347,494,468,414,127,331,4,382,149,116,155,453,9,105,89,97,399,61,409,135,240,426,179,42,299,447,282,361
403,206,351,165,53,203,209,217,436,390,215,302,502,362,432,395,24,372,182,170,1,257,307,428,498,222,277,294,262,25,308,223,61,255,292,80,459,198,409,39,134,58,71,358,367,341,136,179,155,440,309,272,407,124,342,48,221,218,171,386,109,194,34,315,446,60,470,237,249,167,444,405,73,293,20,8,271,353,245,327,133,471,376,422,76,67,200,152,402,31,468,187,429,235,278,364,191,243,7,290,151,78,259,340,456,89,311,104,400,317,417,37,100,47,240,168,164,224,175,62,411,360,82,458,447
350,275,17,423,267,338,434,373,288,133,45,186,308,307,370,156,291,187,69,395,234,43,453,330,404,151,371,135,235,415,221,421,403,33,46,263,183,250,226,181,207,440,479,80,190,319,117,416,357,22,417,455,432,111,194,402,18,494,49,25,363,105,303,173,251,209,433,367,6,474,215,5,39,384,143,192,14,376,386,116,356,219,223,95,498,301,382,16,422,262,96,400,175,211,476,204,331,277,241,93,265,430,492,54,20,114,488,296,0,429,28,388,210,162,292,374,140,349,359,482,314,341,413,170,293
397,32,386,438,273,87,162,247,331,230,231,217,198,315,226,120,413,236,349,142,450,283,78,71,68,15,372,356,180,124,20,6,77,401,406,318,46,326,204,55,492,88,306,472,309,381,250,425,17,48,29,279,469,342,85,125,344,196,171,38,376,388,451,215,61,104,500,353,244,192,307,308,256,182,237,263,221,302,455,403,444,253,319,170,173,281,179,440,323,33,111,479,151,67,39,159,167,37,223,70,398,232,194,259,265,286,501,212,456,487,385,80,278,452,465,81,393,439,345,359,464,378,202,129,79
231,157,228,208,393,302,469,24,200,342,23,193,35,409,336,364,44,12,206,221,280,42,94,494,10,344,196,263,85,402,468,225,74,455,354,163,471,306,56,247,485,331,350,204,188,242,269,453,234,233,378,20,126,271,46,227,395,71,312,101,240,500,91,152,501,250,139,320,431,255,158,84,423,138,28,214,164,37,438,212,464,226,422,411,391,355,123,176,113,275,34,287,281,496,55,348,467,100,260,330,149,64,419,143,387,33,98,362,382,182,153,266,213,105,439,492,217,292,265,329,295,104,479,370,335
441,450,9,315,482,479,409,5,95,388,168,137,485,259,456,337,417,471,425,18,47,261,2,209,202,415,12,19,31,42,51,170,277,141,240,273,291,418,274,34,491,213,203,63,403,309,272,464,88,67,408,355,303,87,324,80,290,397,453,311,199,370,427,55,252,165,157,498,295,457,194,320,118,187,164,379,466,420,402,313,32,124,60,292,307,266,263,184,411,258,354,251,6,333,377,255,358,123,342,310,405,219,305,178,115,196,443,262,99,361,267,197,234,30,331,470,243,288,314,353,237,298,487,128,462
53,440,404,266,436,433,149,382,194,219,397,246,491,231,391,359,464,497,218,12,126,139,396,88,347,124,216,62,208,305,264,407,321,356,227,175,421,485,478,182,226,27,158,57,205,451,417,40,496,317,119,247,103,179,85,82,7,136,311,446,97,500,232,163,169,329,141,494,52,5,164,481,238,355,454,165,137,212,17,204,183,237,30,315,316,341,447,460,131,202,334,6,488,148,156,13,429,284,304,228,499,44,192,467,387,441,196,498,184,360,58,424,195,406,489,275,255,442,416,384,369,77,241,72,303
461,167,224,112,448,404,182,486,457,57,43,285,470,17,385,336,227,101,428,426,137,323,293,206,241,47,92,322,86,413,498,210,230,135,436,171,94,295,187,391,488,154,446,53,294,74,283,218,150,157,382,302,40,496,331,485,88,246,25,226,260,297,374,20,442,271,79,422,418,366,338,367,423,183,454,402,13,201,242,89,325,207,142,186,64,484,31,46,387,439,326,312,174,474,370,324,136,399,169,22,42,214,354,185,480,215,392,291,280,400,361,267,350,133,95,372,273,71,376,190,501,117,307,394,420
383,357,431,244,48,387,390,325,313,476,88,176,304,368,356,292,145,251,223,140,8,196,144,413,500,345,435,341,422,336,467,205,402,295,377,445,172,401,478,299,473,382,38,298,481,466,86,364,26,98,344,317,104,166,378,288,167,203,185,224,393,305,57,460,405,60,388,297,444,423,331,421,99,335,281,396,490,257,259,274,10,89,94,265,171,217,296,374,149,212,130,53,235,84,434,50,183,359,186,472,134,162,394,455,276,110,7,222,432,488,302,358,492,127,411,165,463,229,417,474,253,137,501,221,273
183,271,314,348,481,285,264,174,472,443,280,356,401,128,108,213,398,284,27,37,343,403,494,105,18,66,77,236,286,63,47,297,146,238,382,416,399,239,88,281,17,418,71,3,113,120,9,298,325,491,423,451,313,207,267,184,367,256,0,357,35,404,130,309,124,426,59,447,80,339,457,362,234,393,209,456,323,55,24,329,159,390,161,268,352,499,277,26,36,258,172,200,237,458,145,475,266,394,430,46,70,133,23,478,11,359,415,338,187,226,282,249,450,99,288,39,449,75,373,78,156,208,302,442,251
55,484,480,334,359,238,203,12,85,387,256,274,219,474,374,94,255,116,339,310,129,237,390,141,101,132,184,279,373,485,441,188,273,42,352,493,66,114,253,318,495,212,110,432,413,294,213,332,86,47,215,115,205,40,424,127,478,196,239,118,26,257,418,260,414,235,89,436,52,371,254,103,410,88,491,412,137,489,458,57,93,268,152,315,296,180,472,423,398,81,370,442,308,460,71,375,70,439,135,451,200,456,241,314,455,355,165,408,252,476,345,189,24,1,467,309,403,61,20,285,463,377,386,194,250
149,265,216,9,60,436,160,492,119,224,40,106,31,359,138,477,366,428,4,29,426,225,233,402,97,103,401,369,487,5,33,95,249,440,258,379,277,155,140,404,34,120,483,71,484,55,374,193,255,390,194,166,141,293,281,462,41,491,57,200,345,266,364,181,292,30,439,271,353,195,222,227,96,479,70,109,310,361,64,421,328,316,409,54,413,493,173,441,307,190,37,0,212,245,323,210,351,130,273,489,467,427,285,332,25,435,411,465,289,175,291,235,63,220,199,437,308,6,189,203,84,473,67,392,105
159,428,87,221,52,367,325,182,38,272,255,160,445,186,314,102,477,449,48,233,483,225,307,90,202,142,490,310,277,207,357,128,199,83,328,145,162,335,53,58,124,256,338,107,418,88,120,85,80,40,226,167,208,497,157,254,294,240,230,309,71,375,185,442,293,12,452,263,250,468,460,133,376,220,149,475,379,318,75,138,430,261,273,380,17,354,306,3,84,143,337,419,20,203,70,37,498,155,402,100,98,285,175,121,279,206,443,343,105,389,393,228,333,169,462,25,383,223,234,66,369,177,400,423,479
347,93,314,231,459,178,290,304,408,446,429,351,51,479,185,77,137,157,473,69,57,317,474,258,219,287,249,140,248,343,197,186,271,447,498,115,390,196,35,357,399,10,121,378,128,374,36,136,309,131,440,454,53,96,49,98,501,330,443,370,417,213,34,161,89,364,407,166,462,433,299,286,420,114,123,174,204,489,427,122,394,270,324,85,475,276,3,418,44,187,4,256,436,499,398,450,359,38,274,395,183,208,120,153,129,280,83,20,169,391,217,352,134,233,464,301,438,247,207,244,488,484,297,444,117
251,257,64,472,370,317,473,193,3,78,81,117,133,329,353,357,453,292,419,389,135,11,488,367,279,470,397,296,165,217,19,5,37,113,467,169,216,82,425,451,320,99,28,444,445,25,65,391,481,423,431,210,179,394,4,166,267,236,173,187,56,68,334,144,420,384,202,199,373,305,252,354,465,380,381,95,57,140,264,247,349,350,118,500,386,215,205,124,10,53,271,427,158,42,123,359,270,333,80,245,277,31,175,240,336,21,248,417,461,2,143,98,138,489,260,403,181,255,115,395,469,41,103,310,411
297,428,303,291,245,84,205,21,0,38,469,346,202,429,326,140,45,134,73,379,270,277,433,401,352,170,408,409,463,103,82,262,88,467,278,294,276,490,389,253,246,340,121,199,172,334,2,69,129,124,190,138,375,75,85,40,482,55,201,204,301,179,12,210,348,32,367,483,290,239,6,452,214,207,492,388,448,203,271,22,158,125,495,117,208,260,309,11,285,59,242,106,256,105,168,293,185,165,113,166,471,486,398,321,351,57,225,28,136,135,186,280,307,109,223,373,360,175,31,447,76,449,431,275,90
256,423,388,180,74,210,466,104,28,110,154,347,31,442,62,248,58,227,19,43,354,240,212,390,87,71,21,105,470,85,384,65,120,349,282,389,410,273,369,317,177,451,57,386,344,338,322,220,456,149,132,396,184,399,66,364,238,170,324,351,54,455,329,280,135,116,218,316,356,295,272,287,123,444,88,375,462,158,471,436,301,68,64,215,73,37,13,20,335,237,422,246,254,185,186,165,359,160,174,368,391,11,130,407,501,419,101,249,99,403,306,457,443,18,96,147,113,233,489,417,284,328,208,449,289
292,173,470,325,396,329,194,2,68,326,447,500,16,481,337,220,72,434,50,188,36,342,91,489,426,412,392,457,98,456,61,113,406,41,429,467,476,20,243,310,490,312,238,273,242,361,254,235,300,246,145,252,22,388,78,272,405,275,43,288,346,100,149,14,4,414,338,215,484,307,114,343,362,475,431,282,356,15,449,106,485,250,370,77,462,227,328,155,153,268,421,143,152,435,408,137,115,94,40,466,313,208,132,295,157,444,51,229,283,8,369,13,118,349,459,221,25,105,163,428,23,281,279,57,344
23,137,290,83,272,327,338,182,109,391,476,312,472,152,481,143,435,72,261,475,102,370,86,68,166,185,74,484,471,302,20,132,425,225,384,254,424,94,352,196,279,50,479,263,28,33,314,447,153,239,496,416,108,138,223,52,448,40,44,320,136,454,130,157,389,316,438,281,244,264,431,468,213,251,501,215,465,247,323,70,345,212,364,119,305,193,248,321,155,211,269,347,107,220,187,459,236,310,382,422,253,9,451,205,287,118,375,174,114,97,409,373,331,474,147,357,304,158,85,358,255,410,446,177,167
427,308,63,53,429,108,410,252,322,77,458,222,13,459,251,343,123,437,107,271,354,176,416,399,86,81,100,409,71,11,328,84,293,233,444,275,62,188,482,283,497,149,241,239,278,290,326,258,261,131,147,305,159,342,50,124,453,225,199,29,496,296,330,315,267,32,208,73,381,204,177,15,335,175,92,448,172,165,25,422,76,282,214,132,106,148,64,304,118,310,164,494,393,40,42,104,501,254,18,205,498,461,243,98,232,198,224,436,311,384,449,292,358,216,96,406,360,368,99,447,493,119,215,388,203
214,398,420,301,352,107,241,312,92,171,339,327,42,384,185,493,47,3,448,66,338,290,255,35,447,21,399,48,319,350,26,282,85,501,406,462,486,235,487,405,184,201,198,25,232,274,324,124,10,99,477,56,287,269,412,355,292,106,168,212,211,86,247,197,6,49,60,150,179,72,266,70,204,478,280,388,359,320,386,260,455,245,154,417,390,28,192,156,167,133,111,444,490,67,238,163,502,492,435,215,295,329,147,382,262,187,349,416,430,326,459,159,378,424,237,461,332,347,101,57,370,75,46,328,323
347,65,319,442,409,47,459,313,309,382,271,236,497,453,3,84,452,276,434,244,139,137,471,89,284,413,74,384,187,302,43,197,227,73,379,500,32,198,365,37,220,475,274,42,59,387,210,9,44,291,166,219,68,425,341,279,123,421,140,487,67,17,18,221,390,399,456,363,27,275,441,6,116,91,269,191,106,490,419,261,325,392,485,122,53,501,25,283,290,153,162,418,450,107,304,193,167,61,493,437,258,498,473,165,266,62,408,13,254,417,196,401,158,86,80,287,108,94,340,430,7,350,172,170,391
145,204,437,229,257,139,96,336,167,29,413,63,78,455,102,399,242,469,179,453,393,66,155,383,68,364,98,222,77,291,435,212,180,149,45,361,378,249,457,265,499,464,86,269,55,497,113,389,176,302,496,296,62,279,280,479,37,85,148,386,15,156,350,501,398,367,191,450,9,194,459,260,326,227,418,494,400,93,355,14,18,73,382,208,115,43,337,272,462,218,320,84,293,142,150,315,1,235,10,300,247,306,134,434,172,138,186,376,424,356,132,47,173,70,289,95,391,103,267,332,112,144,346,162,185
5,406,158,58,380,133,371,2,493,381,117,402,146,435,123,37,320,388,457,379,492,270,113,456,254,309,221,100,206,370,163,241,107,157,33,81,79,126,454,53,439,238,283,394,299,128,130,116,182,334,440,60,233,279,97,410,485,159,276,103,155,13,29,102,69,236,204,346,363,324,185,57,213,147,395,496,211,362,433,350,138,0,314,149,131,326,317,329,267,396,154,134,84,73,365,427,337,248,351,244,223,374,500,210,71,234,294,1,166,178,418,271,353,135,392,348,34,250,366,368,242,21,87,150,72
129,395,459,264,46,430,182,386,258,269,154,74,274,376,186,215,469,280,308,382,307,371,117,299,187,383,343,133,162,63,478,259,247,451,326,370,230,499,490,241,158,145,266,243,426,502,43,150,125,106,501,140,62,31,332,323,146,246,470,271,4,464,290,126,174,427,143,190,434,364,402,456,335,95,368,168,157,40,137,36,82,176,279,453,479,212,435,115,273,180,236,26,482,356,127,468,207,394,23,213,474,29,360,488,432,431,481,99,433,391,367,119,366,351,211,214,498,325,446,155,16,310,223,419,418
308,389,233,115,300,442,101,394,2,296,106,236,367,384,309,159,476,306,407,302,277,295,364,237,53,242,360,133,92,113,244,283,209,126,304,432,440,291,373,231,207,131,246,8,4,146,148,428,181,280,380,415,202,241,387,299,51,160,315,71,173,240,354,81,192,383,91,49,24,175,375,183,259,180,502,20,487,444,25,191,368,269,321,140,151,472,416,290,358,107,400,268,67,17,228,238,157,468,174,30,33,435,230,425,199,16,405,271,70,470,488,396,453,260,282,482,136,483,96,330,469,52,458,79,473
439,329,388,457,468,198,379,220,312,446,211,460,469,188,243,4,489,442,177,259,111,81,278,193,322,284,474,396,375,97,62,44,49,221,52,165,285,325,268,169,160,253,69,10,407,267,286,248,95,74,65,265,264,181,25,485,200,70,360,61,96,270,209,107,60,225,269,93,441,194,208,277,136,117,141,397,408,309,444,410,472,19,18,288,30,109,230,155,398,406,344,418,215,405,419,428,463,185,368,412,23,228,411,304,14,377,451,416,142,295,499,332,167,486,231,392,196,218,479,390,184,247,88,376,114
210,399,451,44,268,367,468,378,214,108,137,28,24,193,356,407,294,5,0,457,414,194,13,337,110,359,127,432,105,11,335,41,262,259,240,229,494,197,150,124,251,101,402,246,143,36,87,30,53,331,466,349,168,439,368,289,263,241,375,221,174,173,133,478,291,68,303,165,245,346,408,65,434,372,391,247,207,7,305,223,423,397,15,307,189,196,130,167,261,154,131,382,275,177,417,222,1,421,219,369,156,37,336,100,176,411,273,125,84,250,352,314,40,224,49,234,22,90,152,444,60,310,484,75,178
327,155,251,20,52,293,222,287,388,165,320,36,356,336,79,444,426,157,304,318,244,480,56,183,141,54,378,310,88,431,142,496,354,116,97,400,262,250,50,125,269,414,421,358,464,467,289,377,451,489,152,474,136,113,104,432,176,267,462,23,224,32,187,211,248,258,236,76,372,434,436,30,466,132,279,391,423,235,315,150,160,351,115,161,337,302,98,468,212,195,65,419,83,324,110,333,61,459,179,291,484,55,313,188,143,234,112,109,74,427,43,57,64,343,166,438,208,118,272,329,472,196,387,253,312
477,412,486,332,179,146,198,326,121,240,501,256,488,336,65,320,108,166,221,140,346,26,469,348,393,145,38,404,218,338,287,309,57,97,19,72,461,485,334,476,22,63,173,387,213,125,357,79,313,415,132,165,201,460,96,258,6,14,110,442,150,376,434,144,217,197,187,424,364,401,414,339,7,436,350,196,388,487,372,46,492,330,234,502,185,394,176,496,32,202,318,358,395,87,500,21,493,136,380,428,111,199,109,292,431,244,422,245,466,365,131,236,342,209,120,399,392,379,319,36,137,314,148,386,385
251,196,38,23,272,181,271,455,227,80,257,484,324,152,146,300,355,288,134,277,224,442,314,381,487,421,286,139,481,41,365,454,236,331,313,437,136,268,356,396,436,248,106,21,334,315,54,496,399,25,119,228,489,410,492,393,352,50,185,474,357,213,351,20,359,114,62,256,184,469,107,51,78,495,148,22,100,424,443,349,344,407,342,476,126,428,219,235,212,500,205,274,157,258,460,122,347,289,52,321,151,179,299,259,466,391,279,403,418,147,470,253,97,389,46,5,488,319,83,89,0,95,240,494,222
455,245,415,13,230,133,127,112,387,388,200,203,372,442,443,111,94,118,51,454,433,115,324,163,428,500,16,281,119,299,435,178,258,171,89,141,431,483,190,349,123,73,489,459,358,154,226,321,221,12,457,237,3,325,136,445,362,374,64,212,337,273,467,75,488,338,172,40,293,238,179,18,352,401,481,499,192,417,209,214,392,463,87,308,72,345,335,180,353,29,390,88,256,181,130,139,295,217,497,31,99,468,0,184,135,277,183,156,5,254,354,356,247,496,305,48,11,329,20,473,32,43,249,320,270
177,121,369,452,303,469,108,495,75,3,102,475,399,217,57,429,431,216,299,414,149,2,489,347,114,453,382,374,362,71,457,199,1,254,160,467,450,276,496,60,52,6,29,139,140,206,485,11,19,23,281,329,468,310,215,39,249,481,150,385,88,79,262,317,256,350,73,408,138,494,89,233,53,63,184,42,478,436,415,131,377,231,92,365,352,446,381,438,85,246,460,144,447,146,259,427,455,373,110,266,331,258,243,4,126,183,27,157,407,74,30,48,90,54,269,127,402,119,128,335,132,69,486,64,462
408,199,62,248,391,454,470,323,91,246,384,359,471,455,425,476,495,295,452,13,182,217,71,286,356,371,253,172,458,259,468,406,486,272,485,325,378,125,363,494,179,331,291,36,177,15,154,282,431,263,189,342,153,99,66,141,175,224,365,0,60,146,27,375,63,372,77,502,143,440,11,186,140,9,376,415,351,34,205,251,273,206,122,293,208,461,465,302,262,37,6,419,225,169,451,8,176,50,144,362,424,337,111,121,212,88,40,53,98,466,306,39,54,387,56,136,70,318,180,418,436,247,164,197,417
181,116,484,333,169,100,196,288,26,411,458,280,476,122,260,380,381,199,279,364,490,421,372,67,431,473,412,214,494,309,31,243,108,139,502,305,223,2,17,452,128,20,273,93,10,142,374,162,292,266,255,455,344,429,212,450,159,34,419,206,161,56,228,244,82,115,277,184,382,227,238,41,386,51,326,363,291,96,24,168,125,231,23,95,166,298,447,463,323,378,367,500,365,138,487,18,315,343,440,409,481,5,354,462,167,287,300,342,147,37,248,403,402,141,148,209,356,253,222,236,278,86,175,483,183
