33,439,494,15,211,473,503,284,164,35,501,335,77,255,369,45,430,142,363,390,431,290,268,467,178,310,371,136,518,245,450,314,192,22,298,2,120,68,99,481,465,155,274,187,395,459,122,160,341,281,230,223,240,541,334,299,166,432,256,80,521,114,537,495,18,16,254,154,418,516,336,36,273,437,41,76,196,520,191,307,466,57,397,497,49,226,85,413,97,517,221,212,228,125,348,140,73,316,267,91,61,514,233,474,84,338,332,420
178,180,491,355,335,445,229,5,44,339,327,248,81,268,458,414,162,399,507,247,278,494,511,64,170,501,472,410,139,430,357,275,198,250,359,84,286,225,50,495,498,212,424,18,446,1,224,274,33,25,179,47,77,55,311,232,426,409,530,71,234,441,223,396,256,515,228,175,371,132,459,403,519,481,216,168,332,266,267,78,378,121,165,316,16,351,100,329,301,294,499,321,245,12,413,59,151,222,435,439,126,367,148,45,23,305,281,392
108,292,166,488,144,369,410,196,358,186,81,199,436,212,98,315,474,433,458,213,272,373,118,7,214,434,418,391,204,71,524,408,45,421,28,178,130,184,233,217,388,99,321,383,537,238,355,150,259,255,493,464,134,207,226,327,174,506,371,141,247,463,228,529,244,300,245,42,353,276,368,187,535,536,538,466,406,86,308,528,471,288,33,304,511,375,428,156,8,302,167,333,164,37,379,203,312,191,497,310,95,123,490,157,48,284,404,515
54,225,75,431,196,449,16,401,206,347,195,334,48,51,37,374,406,332,175,161,120,353,168,31,357,90,525,536,356,61,149,473,443,227,361,241,312,231,369,226,309,89,181,421,216,498,422,523,489,286,262,234,198,99,49,221,328,78,21,477,440,95,327,324,97,291,219,465,515,461,184,492,192,25,501,26,84,159,114,468,296,516,528,325,289,471,428,480,154,435,483,202,306,390,475,39,176,388,488,251,83,86,207,414,385,239,397,519
38,177,180,430,156,525,401,96,406,121,240,109,432,318,296,101,353,486,250,297,12,161,395,234,99,485,102,408,223,294,363,35,496,451,534,528,441,285,271,13,541,204,415,16,8,334,428,220,173,426,470,91,372,24,183,166,320,243,403,87,9,105,65,148,420,103,126,463,475,197,314,279,299,304,214,447,282,389,15,64,2,63,14,429,28,351,394,392,490,460,354,472,34,7,338,222,378,466,93,319,215,488,465,86,27,359,192,527
470,466,343,190,35,408,541,500,373,72,142,271,259,180,93,471,13,157,284,80,315,144,107,123,294,342,3,265,437,149,60,324,28,311,30,330,108,274,7,109,75,156,440,353,431,214,77,439,525,191,264,516,363,59,244,153,237,435,485,89,462,320,532,14,206,508,78,231,336,460,358,422,418,395,91,173,529,490,240,79,22,250,302,199,85,463,359,140,505,253,266,528,334,288,393,513,523,194,76,328,162,378,441,66,509,234,27,344
342,540,534,49,389,83,36,130,34,10,374,445,226,489,92,105,69,375,466,438,318,181,129,409,197,247,159,391,223,501,395,403,491,97,505,533,274,373,383,79,437,310,302,275,66,535,336,202,233,45,512,485,107,480,6,232,91,340,87,187,196,323,106,126,170,153,301,132,502,30,248,213,182,174,2,166,345,150,256,459,397,357,448,475,24,208,365,145,235,483,447,422,59,429,214,219,47,61,236,82,405,37,419,193,272,41,3,266
266,494,87,431,118,416,488,226,403,23,454,469,504,429,305,158,461,170,232,483,511,478,413,309,458,532,512,376,475,310,188,120,114,191,308,82,271,399,426,13,277,289,409,503,438,16,29,84,215,389,157,540,393,100,14,86,239,160,21,258,125,18,8,72,347,250,523,394,180,11,493,323,348,182,132,479,79,130,522,520,334,351,340,517,122,58,263,365,242,397,392,151,179,163,282,218,398,442,357,168,527,419,150,219,28,54,246,459
368,497,447,482,365,71,161,195,329,295,203,5,439,43,175,165,494,369,403,122,398,254,207,79,503,54,262,500,84,88,250,442,331,89,86,230,519,457,360,286,97,351,216,358,117,222,211,501,118,370,359,436,427,184,246,428,364,66,386,472,413,101,410,292,336,435,378,26,373,350,267,491,407,95,96,40,541,201,326,349,276,1,309,257,116,404,353,537,290,446,167,535,440,251,298,320,508,409,479,240,124,192,204,237,260,516,215,308
529,94,252,60,111,66,276,253,284,348,293,377,138,359,131,73,14,461,121,413,23,167,139,417,247,487,472,67,175,80,350,332,336,137,393,79,326,443,453,29,226,528,376,421,266,459,21,337,27,17,224,455,447,271,210,281,274,158,380,308,295,532,184,149,303,69,237,370,170,182,35,503,133,361,450,478,334,178,500,286,52,129,320,192,160,475,219,207,85,140,59,76,533,316,86,433,1,227,388,411,390,479,220,136,81,457,96,480
131,51,54,173,154,61,302,361,472,373,315,262,73,203,363,71,72,252,453,243,273,296,50,514,440,346,478,57,382,342,489,251,144,424,499,274,249,476,0,191,128,456,298,297,331,240,515,93,418,423,420,407,117,198,223,164,348,140,539,174,518,46,483,437,541,487,120,90,279,485,391,89,393,450,441,2,257,283,147,327,82,175,293,98,303,368,355,62,85,161,4,482,522,96,229,28,304,397,245,290,68,8,285,150,260,91,266,535
107,154,509,318,307,48,399,171,146,384,9,491,443,416,16,31,168,282,415,196,495,389,243,349,229,368,37,8,150,13,134,104,139,124,380,38,250,211,373,30,430,231,189,357,1,320,109,90,315,293,417,510,354,386,178,14,151,79,446,265,402,309,469,505,522,45,528,64,241,39,540,340,93,253,396,362,519,149,388,452,28,244,513,23,184,34,40,180,269,218,19,56,434,348,285,333,409,87,65,22,406,116,343,214,25,472,153,405
46,423,377,341,527,303,395,260,397,15,0,476,232,71,385,363,274,36,50,335,477,318,329,174,161,352,506,96,369,226,323,26,326,156,466,462,378,3,494,263,145,57,381,383,364,185,27,67,293,449,442,532,139,116,181,525,9,311,153,278,475,452,348,194,481,337,365,482,325,420,445,200,319,229,433,162,370,504,439,339,65,150,97,180,177,321,417,256,501,212,356,49,230,73,115,195,486,168,344,346,483,126,300,350,223,10,415,33
235,388,215,162,50,86,371,381,110,191,60,79,23,422,240,69,444,508,267,114,17,104,201,530,387,271,76,333,116,306,239,123,229,428,65,247,337,400,165,517,150,103,221,27,222,64,497,491,130,72,385,186,458,492,289,369,399,414,413,146,340,445,291,326,325,261,283,207,452,520,251,206,363,49,132,25,81,519,276,348,528,537,73,265,535,522,140,113,57,31,484,405,29,355,214,204,335,256,359,16,392,370,460,67,217,156,466,431
227,432,321,288,448,440,20,222,166,212,72,33,147,278,328,256,352,50,142,532,404,526,497,433,403,450,366,424,331,232,324,275,201,21,11,386,355,489,248,237,86,460,462,19,229,506,123,17,243,303,87,39,495,359,330,362,335,53,277,376,513,395,81,510,109,311,190,312,420,397,82,364,402,24,264,239,504,531,486,343,238,527,36,394,399,481,124,253,51,29,88,332,472,345,491,68,474,120,490,502,535,59,411,48,37,418,358,392
62,103,490,451,79,215,109,205,113,381,168,281,324,193,513,213,446,534,456,478,306,457,0,352,2,267,261,107,417,420,308,220,39,152,82,441,395,176,72,442,57,33,192,529,137,94,123,473,450,22,175,426,130,392,221,203,265,32,372,362,134,371,405,374,347,491,512,363,486,127,331,4,462,382,149,502,116,434,155,495,9,105,430,89,97,470,61,481,135,240,501,179,466,415,42,299,336,282,361,403,206,351,165,53,494,209,217,390
431,48,365,341,2,514,107,445,524,50,447,122,511,161,396,78,269,117,143,273,359,311,248,97,442,436,343,218,389,68,443,60,61,237,249,167,171,405,73,293,20,8,271,353,245,327,133,466,223,376,495,76,67,200,152,402,31,433,292,187,419,425,517,502,235,278,364,191,243,7,290,151,526,259,420,434,410,340,136,89,520,104,468,404,317,489,37,100,47,240,168,164,387,224,175,62,482,360,529,82,367,540,350,275,17,423,267,338
266,90,372,313,375,139,469,86,302,270,471,442,67,93,526,367,501,452,362,415,160,381,235,45,223,389,36,99,51,210,346,251,209,433,527,6,519,215,5,39,384,143,474,192,14,376,386,116,356,219,517,95,267,301,382,16,493,262,96,400,441,175,416,211,371,204,331,277,241,528,265,502,518,54,20,114,430,370,296,465,0,435,428,525,28,388,512,162,292,374,140,349,530,359,234,314,341,484,170,293,397,32,495,438,273,87,454,247
461,462,435,396,453,240,472,285,156,143,136,31,361,249,41,13,155,92,409,110,463,176,527,500,35,96,59,171,251,393,343,38,376,388,279,215,61,104,386,438,485,353,244,192,540,307,308,256,182,237,441,263,446,437,221,302,486,403,514,253,434,319,424,170,173,281,179,507,323,33,111,71,420,491,151,427,67,430,497,39,159,167,37,223,70,455,398,232,194,259,265,286,32,212,250,120,385,80,278,29,326,81,489,506,345,359,204,378
405,258,158,462,314,457,416,49,400,46,387,71,88,25,413,442,84,189,533,20,392,170,451,148,326,519,113,494,528,408,376,242,269,453,234,233,378,522,126,271,532,227,395,530,312,101,240,448,228,91,440,152,157,250,139,320,431,255,539,525,423,138,28,214,164,37,489,212,432,56,226,472,411,391,481,355,123,176,515,275,34,287,281,506,55,348,163,100,260,330,149,64,460,527,143,531,424,33,98,362,382,182,402,153,266,213,105,490
47,434,530,209,400,18,10,190,337,275,518,37,95,522,4,418,405,24,38,62,85,102,340,282,480,69,274,427,406,126,177,67,408,355,303,87,324,80,290,397,461,510,499,311,199,370,514,55,252,443,165,157,541,295,309,194,320,118,458,187,478,164,379,467,440,449,291,420,402,481,313,32,124,60,292,307,266,263,184,411,258,354,251,6,333,377,255,358,123,342,310,453,219,305,178,115,196,498,262,99,361,267,197,234,30,331,277,243
475,256,274,107,532,298,389,439,492,533,463,437,24,253,278,177,248,433,125,416,454,351,364,453,55,316,114,411,81,299,238,247,103,508,179,85,82,7,136,311,504,97,404,232,163,458,169,329,141,194,52,5,164,139,511,355,149,165,137,212,17,204,183,237,30,315,516,341,505,158,131,202,455,334,6,391,431,148,156,13,486,284,304,228,266,44,192,175,387,459,196,419,493,184,360,58,481,195,461,231,275,255,500,473,438,369,382,77
483,145,334,448,224,365,114,87,35,455,202,275,413,482,94,184,173,420,461,270,342,188,375,308,107,148,436,301,315,81,536,331,101,88,246,25,226,260,297,374,20,504,271,462,79,422,418,366,338,367,475,423,498,183,150,402,538,13,201,242,89,325,207,142,186,64,487,31,46,387,414,501,326,312,174,86,370,324,136,489,399,169,22,42,214,354,185,401,293,215,392,291,280,456,361,267,350,133,95,372,273,71,376,190,167,117,307,449
284,488,97,177,352,290,503,446,281,17,393,289,411,345,77,392,528,172,52,197,208,333,335,407,370,449,114,76,121,517,198,519,533,436,396,304,257,259,274,10,89,422,433,94,265,171,217,296,374,149,212,486,487,130,53,235,421,84,185,50,183,359,186,203,451,438,134,162,461,394,364,276,110,467,7,222,331,356,302,358,88,127,489,165,299,229,531,495,502,253,137,357,221,273,481,271,314,348,285,264,174,280,464,401,128,108,213,398
54,75,210,37,133,155,473,126,95,292,476,479,176,34,143,7,227,241,19,414,369,512,0,71,261,249,119,521,161,524,469,393,209,9,323,55,436,24,434,477,329,430,159,390,513,268,470,491,352,348,277,26,36,258,172,200,237,113,145,457,236,266,394,234,46,70,537,23,18,11,359,490,400,338,187,226,455,282,516,456,313,99,288,39,427,448,207,443,540,373,78,156,208,302,388,35,251,506,334,471,238,203,12,85,387,256,274,219
188,511,233,258,475,282,202,264,369,232,376,85,133,229,506,25,424,220,427,172,95,431,231,411,81,254,535,392,478,236,53,257,418,260,414,235,449,89,504,52,472,371,516,103,410,477,88,466,455,274,412,137,373,413,57,481,474,93,268,152,315,296,180,510,487,398,517,370,26,459,308,110,71,375,523,70,508,135,115,200,443,213,241,314,332,355,165,469,429,252,184,345,189,416,24,1,387,309,463,61,20,285,318,377,461,194,250,149
530,432,18,121,320,239,448,81,212,62,276,9,59,451,466,194,206,525,10,66,190,499,517,310,281,68,241,58,143,8,111,374,193,255,390,526,166,141,293,519,34,41,106,57,200,460,345,266,364,527,181,292,30,491,271,353,483,195,222,227,96,402,70,435,109,518,361,64,421,328,316,409,54,413,224,173,494,307,521,37,0,533,245,323,210,351,130,273,359,379,477,285,332,25,540,487,461,155,289,418,175,291,235,63,220,414,199,489
12,378,407,169,11,134,211,318,174,443,105,364,76,510,320,373,204,96,467,466,450,181,405,284,414,257,398,167,290,324,107,58,124,256,338,511,418,88,120,85,80,40,226,457,514,208,367,157,254,294,240,230,309,71,375,185,488,293,541,499,263,250,328,507,133,376,220,149,431,310,379,534,435,75,138,476,455,261,449,273,380,17,354,306,3,84,143,337,461,20,203,70,429,37,52,155,402,100,98,423,285,175,121,279,206,489,428,343
211,457,338,248,50,447,468,132,354,350,276,181,187,463,356,102,371,155,275,314,138,115,517,438,498,280,497,395,373,230,393,35,357,399,10,464,121,378,128,374,36,475,136,309,131,440,519,53,96,49,453,98,487,93,330,443,370,417,213,34,161,480,89,364,407,166,508,433,299,286,420,114,123,174,204,258,535,122,394,270,324,85,140,531,3,459,44,529,4,256,477,430,231,398,494,359,38,274,514,183,208,120,153,129,516,83,20,169
434,269,467,70,179,495,414,489,371,234,502,515,128,387,6,156,162,235,267,271,23,331,541,38,11,75,226,339,432,164,199,28,444,445,25,65,391,517,423,431,210,537,394,4,166,523,236,173,187,56,448,68,334,144,420,384,202,511,373,305,252,354,82,380,381,95,453,57,140,264,451,247,440,349,350,118,64,386,215,205,124,10,53,522,476,158,42,123,359,270,333,80,421,245,277,31,175,240,336,21,248,463,99,2,143,98,138,329
520,491,363,510,230,430,227,82,207,190,490,169,411,42,1,76,404,281,91,269,147,341,206,164,176,525,506,493,243,399,345,334,2,69,129,124,532,138,375,75,85,40,270,55,201,204,301,179,12,210,348,32,367,379,290,239,6,505,214,533,294,388,501,203,271,22,158,125,21,117,208,260,309,11,285,59,242,106,256,105,168,293,185,165,113,166,262,45,398,321,351,57,225,28,136,409,135,401,186,280,307,109,223,373,360,175,31,500
153,151,381,181,512,361,149,420,208,57,221,308,62,125,496,116,454,39,86,480,425,175,143,43,210,171,130,240,355,114,441,322,535,132,396,184,399,66,364,238,486,494,453,170,324,351,443,54,220,329,280,135,526,218,316,356,295,272,287,123,497,88,375,177,158,65,488,301,68,64,215,444,73,37,13,20,335,237,474,246,459,254,185,186,431,165,359,160,174,368,391,11,417,515,456,475,471,429,101,249,99,452,306,338,527,457,18,96
294,227,466,109,74,417,330,346,389,4,137,32,441,144,100,377,72,182,197,123,540,83,41,487,530,476,484,509,470,493,290,252,22,388,78,272,405,275,43,461,288,534,527,149,14,532,414,338,491,489,215,50,307,114,343,362,361,518,282,356,433,475,15,508,106,490,250,370,77,16,521,328,155,153,458,268,480,434,143,152,423,512,408,531,115,94,40,392,313,208,132,295,157,503,51,229,283,8,369,13,118,349,273,221,25,105,163,515
47,114,46,274,167,365,218,305,287,144,522,204,173,136,332,371,148,531,40,264,451,508,188,393,100,528,57,66,307,478,216,138,223,52,509,523,44,320,516,153,130,157,389,316,499,488,281,244,524,431,384,213,251,137,215,94,247,323,464,70,345,212,364,119,534,193,248,321,155,211,269,347,107,220,187,263,236,310,382,481,253,9,475,205,533,118,375,174,540,97,468,373,331,132,147,409,357,304,158,85,358,255,469,507,177,537,427,308
126,106,216,504,154,444,27,502,246,215,353,172,162,201,143,22,169,466,125,377,217,299,482,479,516,262,294,318,100,248,263,225,199,483,29,410,296,330,315,267,32,208,73,455,381,204,177,15,335,448,175,536,92,429,50,530,165,25,422,76,282,446,214,132,540,148,64,304,118,310,164,322,393,40,42,104,450,308,254,18,205,491,149,243,98,232,198,224,500,311,384,342,292,358,445,539,96,464,360,368,99,433,124,77,119,532,447,203
429,214,483,184,342,85,370,537,95,6,133,511,71,43,97,52,170,533,471,343,368,403,397,51,464,248,21,199,42,113,212,168,530,211,86,247,197,532,49,60,150,179,72,494,266,70,204,355,472,280,388,359,320,386,260,124,245,154,417,390,28,192,156,167,531,111,510,513,67,238,420,163,540,339,501,215,295,329,406,147,382,262,187,440,439,349,480,495,326,25,159,378,488,394,418,237,201,332,399,347,101,57,535,75,46,398,387,328
131,95,473,540,6,169,489,279,274,179,148,375,86,395,455,147,65,397,74,440,84,119,420,18,89,332,438,136,246,281,536,67,17,518,221,390,399,210,363,27,275,509,537,116,91,269,191,106,47,419,261,424,325,392,276,430,480,122,53,525,25,283,290,153,162,483,68,107,304,193,167,61,382,505,258,474,302,165,266,62,539,13,468,448,254,482,196,466,158,529,506,425,80,287,108,94,340,498,7,429,350,172,170,454,145,204,229,257
279,192,334,59,127,156,204,485,359,132,311,136,196,445,154,424,360,298,90,498,458,172,111,541,227,353,540,125,75,170,296,451,386,496,15,536,466,350,535,398,367,191,62,9,194,269,260,326,431,517,418,167,400,93,355,14,18,73,382,208,115,43,337,521,272,229,218,320,84,438,293,142,150,315,1,235,10,300,247,306,134,522,520,138,186,376,487,429,356,532,47,173,70,289,95,510,103,267,332,112,436,144,346,162,430,392,185,5
316,117,267,4,234,292,247,75,235,226,508,442,201,412,327,483,214,314,66,163,159,253,106,477,257,261,232,364,121,466,195,410,388,521,276,103,155,13,441,29,102,69,236,204,346,363,324,185,57,213,147,395,371,432,211,362,495,350,138,0,524,149,131,326,317,329,539,396,154,134,84,73,365,489,337,248,351,244,454,223,374,158,210,71,421,537,294,1,166,178,479,424,271,353,135,451,348,389,34,250,366,368,242,21,87,150,72,129
528,93,364,517,308,148,373,430,235,375,267,324,126,532,519,494,460,483,317,291,486,258,87,300,250,212,280,124,63,293,493,247,271,4,274,290,529,174,427,143,190,434,539,402,43,335,95,368,168,157,40,137,36,82,176,279,106,299,516,501,115,273,438,450,180,236,26,307,356,127,326,441,442,470,207,394,23,213,162,29,360,186,463,497,371,99,499,391,367,119,366,351,211,214,46,325,146,155,16,310,223,485,484,537,389,233,481,518
203,4,213,472,318,475,106,484,267,184,227,488,419,253,463,414,262,492,16,9,293,297,362,405,483,103,320,143,346,481,163,192,383,91,49,24,175,375,183,443,259,180,462,308,20,159,315,25,191,368,434,269,321,140,453,151,244,416,470,290,358,107,456,400,268,67,17,228,487,238,157,304,174,30,423,33,507,230,495,199,523,517,271,70,209,309,460,280,260,282,277,136,407,302,96,330,126,52,540,79,113,439,329,388,198,379,220,312
422,377,486,8,376,354,519,223,162,386,195,125,88,98,442,105,330,338,320,507,138,21,496,190,148,131,362,50,401,141,122,96,270,209,491,107,60,225,269,93,509,194,208,277,136,493,117,512,397,408,309,360,410,62,19,465,18,288,449,30,418,445,109,451,230,155,398,406,344,482,215,405,484,494,169,185,368,473,460,23,228,472,304,415,14,540,265,477,142,295,267,332,167,188,231,478,196,218,193,483,184,247,529,537,114,210,399,44
536,428,217,274,57,48,386,11,1,388,27,220,254,210,22,82,524,519,480,458,540,395,301,248,502,203,492,286,72,174,61,53,331,214,349,168,439,368,289,263,241,375,221,512,173,133,110,291,68,464,478,437,303,165,245,346,408,65,482,487,372,434,391,247,207,7,305,223,474,397,15,427,307,189,196,130,167,261,154,131,382,275,177,467,222,533,472,219,369,156,37,336,100,448,176,461,273,125,84,523,401,250,352,431,314,40,224,49
468,44,180,304,121,0,151,357,310,502,40,104,445,331,72,158,314,489,112,366,282,108,176,285,529,233,195,501,100,251,513,400,289,377,451,336,152,88,136,113,530,465,497,432,519,267,477,269,23,224,32,472,187,211,248,258,236,76,372,483,485,30,262,132,279,391,452,423,235,441,315,150,160,351,115,454,161,337,302,98,97,212,515,65,500,83,324,110,333,61,358,179,291,538,55,313,188,143,234,523,109,74,476,43,57,64,343,166
496,417,236,284,393,497,507,359,292,396,242,481,512,130,217,333,443,281,53,290,77,436,115,194,39,145,526,521,44,127,346,387,213,125,357,79,313,415,132,165,201,173,96,258,6,14,110,442,150,376,434,144,527,197,187,424,364,401,414,339,7,487,451,463,350,196,388,320,445,372,46,412,330,234,466,516,185,394,176,198,32,202,449,318,358,395,87,108,21,240,136,380,431,540,477,111,199,109,533,482,244,407,458,245,63,365,131,539
419,241,262,72,275,296,263,535,503,393,76,47,362,454,160,515,304,293,269,449,278,83,473,272,497,213,42,108,51,239,457,152,410,257,532,490,484,352,50,185,442,357,516,351,20,359,114,62,256,184,331,487,107,471,513,78,271,148,22,100,424,500,349,344,407,342,286,126,438,505,219,235,212,38,205,274,459,437,157,258,106,122,347,289,52,321,151,179,299,259,136,391,412,279,456,474,147,236,253,97,389,46,5,146,319,520,89,0
191,480,455,444,490,27,461,266,255,224,401,407,223,189,237,102,231,327,33,239,356,517,343,178,283,380,247,147,309,452,443,12,154,457,527,3,325,136,445,362,374,64,212,337,273,141,75,499,338,172,40,293,238,179,18,352,531,115,13,192,417,209,214,392,349,87,467,308,72,345,335,180,353,29,390,88,256,181,130,139,295,428,217,133,31,99,89,0,184,135,277,414,183,156,5,254,354,521,515,127,305,48,11,329,20,299,32,43
498,355,243,217,150,7,205,435,115,432,298,4,434,229,142,398,2,509,321,538,120,104,12,59,278,281,412,532,23,39,46,516,329,160,310,215,512,249,525,537,385,88,79,262,317,256,350,73,486,408,138,75,89,233,53,63,184,42,114,494,415,131,377,231,92,365,352,504,381,496,444,85,462,246,29,144,420,505,146,259,484,11,373,110,266,331,258,539,530,126,183,27,400,157,461,74,30,48,90,54,269,127,456,119,529,128,335,132
138,467,129,105,399,125,497,183,493,27,364,434,142,506,344,519,251,182,359,72,354,31,309,379,307,199,133,283,350,448,0,60,146,532,375,63,372,77,439,408,143,508,11,186,140,9,376,462,453,415,351,34,494,205,525,273,206,122,293,208,331,536,302,262,37,6,483,436,225,169,342,8,176,50,144,362,488,440,337,111,121,212,88,40,53,98,378,306,39,54,387,56,136,70,318,180,482,504,247,164,197,481,181,116,333,472,100,196
53,245,521,399,134,429,52,62,486,217,278,363,446,5,34,256,41,186,20,284,324,510,325,424,319,68,412,323,112,457,488,82,115,277,184,382,227,238,525,386,51,326,530,291,96,24,168,125,231,23,95,450,166,298,344,255,514,378,451,367,279,365,138,380,18,315,432,343,228,479,493,528,354,128,167,287,300,342,147,37,410,248,472,414,471,141,416,148,421,209,356,436,253,222,236,411,531,86,175,364,183,258,377,85,77,476,104,185
